BB:8:54:18:935
BB:8:54:19:23	1	1326.8	(256)	1136.27	(94)	962.788	(82)	812.902	(128)	658.559	(118)	500.004	(200)	357.204	(253)	245.376	(216)	147.66	(86)	80.1	(86)	0	(0)	
BB:8:54:19:135
BB:8:54:30:877
BB:8:54:31:7	3	1557.11	(208)	1367.19	(241)	1160.65	(256)	974.792	(94)	805.859	(82)	657.522	(128)	504.896	(117)	343.356	(198)	208.332	(256)	99.072	(216)	0	(86)	
BB:8:54:31:115	3	1551.13	(208)	1364.09	(241)	1161.75	(256)	977.533	(86)	807.607	(94)	657.148	(116)	503.126	(125)	343.746	(198)	211.944	(248)	101.376	(224)	0	(86)	
BB:8:54:31:405	3	1547.71	(208)	1362.14	(241)	1161.27	(256)	978.518	(86)	810.063	(94)	658.073	(116)	501.694	(125)	347.034	(200)	215.172	(248)	104.544	(222)	0	(86)	
BB:8:54:33:318
BB:8:54:46:109
BB:8:54:46:242	5	1770.46	(6)	1537.83	(14)	1321.67	(256)	1136.65	(241)	937.932	(256)	747.516	(86)	567.841	(82)	423.424	(128)	269.556	(94)	123.096	(248)	0	(248)	
BB:8:54:46:414	5	1753.48	(54)	1536.16	(14)	1318.11	(196)	1131.55	(253)	931.597	(248)	747.8	(94)	578.116	(82)	436.031	(128)	282.708	(126)	128.136	(216)	0	(248)	
BB:8:54:46:889	5	1731.73	(54)	1518.67	(14)	1304.61	(196)	1120.96	(253)	923.58	(248)	740.699	(94)	573.827	(94)	429.053	(116)	272.232	(89)	123.096	(248)	0	(248)	
BB:8:54:47:798	5	1727.71	(54)	1513.31	(14)	1297.92	(196)	1114.82	(253)	917.528	(248)	742.156	(94)	584.437	(94)	437.573	(116)	276.588	(122)	123.096	(248)	0	(248)	
BB:8:54:47:983	5	1723.83	(54)	1513.05	(30)	1301.29	(196)	1121.96	(253)	928.92	(248)	750.371	(94)	587.831	(94)	438.389	(116)	276.9	(73)	123.096	(248)	0	(248)	
BB:8:54:48:207	5	1702.54	(54)	1492.83	(14)	1282.13	(196)	1103.71	(253)	911.108	(248)	740.62	(94)	587.785	(94)	439.805	(116)	277.704	(121)	123.096	(248)	0	(248)	
BB:8:54:49:183	5	1694.96	(54)	1486.37	(14)	1276.64	(196)	1099.2	(253)	907.46	(248)	737.765	(94)	585.506	(94)	439.716	(116)	280.584	(121)	124.596	(232)	0	(248)	
BB:8:54:51:511
BB:8:55:1:301
BB:8:55:1:453	7	2014.42	(224)	1788.49	(244)	1546.22	(62)	1313.07	(6)	1086.35	(205)	896.02	(256)	691.949	(244)	501.832	(94)	332.628	(94)	173.088	(120)	0	(121)	
BB:8:55:1:547	7	1997.18	(212)	1774.6	(256)	1533.51	(54)	1308.72	(14)	1086.63	(193)	897.241	(256)	693.28	(248)	503.272	(94)	333.588	(94)	173.568	(116)	0	(121)	
BB:8:55:3:778
BB:8:55:16:615
BB:8:55:16:765	9	2164.03	(30)	1925.08	(21)	1717.2	(256)	1497.21	(244)	1256.32	(126)	1023.94	(70)	794.164	(205)	591.6	(256)	371.292	(248)	173.316	(94)	0	(94)	
BB:8:55:17:73	9	2132.98	(222)	1892.49	(21)	1679.36	(64)	1459.08	(244)	1232.81	(254)	1019.01	(198)	805.996	(205)	599.46	(128)	373.812	(120)	173.316	(94)	0	(94)	
BB:8:55:17:403	9	2100.11	(214)	1872.08	(61)	1676.77	(56)	1464.87	(224)	1236.95	(210)	1020.64	(206)	810.017	(245)	605.398	(120)	377.099	(80)	173.316	(94)	0	(94)	
BB:8:55:18:39	9	2088.02	(254)	1858.18	(49)	1659.79	(56)	1449.69	(224)	1232.48	(222)	1023.96	(242)	812.074	(245)	605.435	(80)	380.243	(80)	176.459	(86)	0	(94)	
BB:8:55:20:467
BB:8:55:31:912
BB:8:55:32:63	11	2506.05	(24)	2181.47	(18)	1886.33	(30)	1617.02	(246)	1401.27	(256)	1170.61	(224)	919.283	(194)	673.936	(245)	438	(190)	227.628	(128)	0	(80)	
BB:8:55:32:161	11	2468.98	(206)	2154.22	(205)	1864.81	(245)	1619.28	(52)	1402.98	(64)	1166.98	(214)	922.102	(222)	679.804	(224)	444.804	(178)	230.292	(120)	0	(80)	
BB:8:55:32:271	11	2458.35	(216)	2136.93	(210)	1845.1	(62)	1590.53	(54)	1373.12	(224)	1147.4	(208)	911.747	(242)	683.932	(245)	453.564	(190)	231.936	(96)	0	(80)	
BB:8:55:32:403	11	2441.37	(200)	2119.2	(194)	1832.67	(62)	1583.4	(54)	1371.3	(224)	1150.88	(224)	914.531	(242)	686.02	(245)	454.956	(190)	232.632	(80)	0	(80)	
BB:8:55:33:336	11	2428.85	(120)	2108.96	(78)	1825.51	(142)	1576.94	(54)	1356.11	(52)	1125.43	(224)	891.328	(222)	664.408	(245)	438.996	(242)	227.628	(128)	0	(80)	
BB:8:55:33:588	11	2412.39	(56)	2102.97	(14)	1828.1	(14)	1569.26	(245)	1353.33	(244)	1135.2	(224)	906.924	(222)	675.198	(246)	440.496	(177)	227.628	(128)	0	(80)	
BB:8:55:33:655	11	2378.91	(120)	2070.67	(78)	1798.87	(142)	1552.95	(53)	1337.77	(52)	1112.8	(224)	884.407	(222)	663.198	(246)	440.496	(241)	227.628	(128)	0	(80)	
BB:8:55:40:780
BB:8:55:47:107
BB:8:55:47:255	13	2700.18	(256)	2368.56	(206)	2050.33	(70)	1727.1	(126)	1440.52	(181)	1199.62	(52)	968.785	(30)	726.71	(222)	479.34	(208)	248.064	(248)	0	(241)	
BB:8:55:47:360	13	2645.54	(244)	2302.2	(126)	1988.47	(70)	1684.79	(78)	1406.6	(189)	1168.86	(52)	946.925	(24)	719.882	(224)	477.66	(206)	249.264	(246)	0	(241)	
BB:8:55:48:212	13	2634.4	(224)	2291.99	(118)	1975.49	(118)	1675.05	(78)	1400.98	(141)	1157.66	(52)	943.997	(56)	716.882	(224)	477.66	(222)	249.264	(246)	0	(241)	
BB:8:55:48:365	13	2625.82	(245)	2290.17	(120)	1985.77	(80)	1681.37	(78)	1406.41	(182)	1164.15	(49)	955.141	(32)	733.658	(224)	482.508	(198)	249.264	(246)	0	(241)	
BB:8:55:49:961	13	2625.48	(248)	2282.23	(120)	1978.76	(80)	1678.72	(78)	1404.32	(182)	1166.34	(49)	968.316	(64)	745.884	(224)	493.98	(214)	251.28	(198)	0	(241)	
BB:8:55:53:12
BB:8:56:2:504
BB:8:56:2:641	15	2738.78	(82)	2431.24	(113)	2112.84	(256)	1792.41	(208)	1479.92	(198)	1167.56	(182)	901.911	(62)	681.018	(61)	484.872	(64)	253.74	(212)	0	(214)	
BB:8:56:2:732	15	2660.08	(78)	2354.8	(5)	2054.71	(248)	1749.46	(244)	1461.65	(222)	1177.41	(158)	907.939	(54)	675.486	(49)	479.148	(64)	254.016	(224)	0	(214)	
BB:8:56:3:23	15	2642.89	(66)	2344.52	(113)	2047.87	(256)	1752.49	(256)	1464.09	(214)	1179.48	(214)	912.219	(62)	691.752	(61)	496.032	(64)	259.32	(148)	0	(214)	
BB:8:56:3:119	15	2641.18	(78)	2336.36	(53)	2035.68	(248)	1735.65	(244)	1459.11	(222)	1187.29	(222)	918.247	(54)	686.22	(49)	490.308	(64)	259.596	(160)	0	(214)	
BB:8:56:6:834
BB:8:56:17:609
BB:8:56:17:763	17	2713.52	(224)	2430.77	(94)	2164.69	(126)	1887.41	(118)	1567.99	(197)	1248.51	(228)	974.889	(224)	700.191	(222)	431.771	(54)	196.62	(49)	0	(64)	
BB:8:56:18:576	17	2704.6	(222)	2419.95	(94)	2149.55	(125)	1874.24	(120)	1570.64	(200)	1252.95	(226)	985.137	(222)	716.751	(222)	433.151	(56)	196.62	(49)	0	(64)	
BB:8:56:27:526
BB:8:56:32:875
BB:8:56:33:47	19	3016.49	(246)	2695.67	(88)	2383.01	(81)	2060.93	(113)	1745.18	(64)	1462.79	(256)	1171.24	(198)	865.804	(230)	577.896	(158)	273.12	(32)	0	(56)	
BB:8:56:33:138	19	2951.86	(246)	2643.63	(88)	2341.05	(86)	2021.22	(114)	1708.1	(61)	1431.64	(256)	1152.82	(200)	838.776	(230)	557.736	(158)	274.32	(30)	0	(56)	
BB:8:56:34:125	19	2882.1	(246)	2583.3	(184)	2274.87	(86)	1973.28	(82)	1676	(125)	1402.84	(64)	1125.16	(200)	826.776	(230)	557.736	(222)	274.32	(30)	0	(56)	
BB:8:56:35:87	19	2877.82	(54)	2568.17	(56)	2256.82	(130)	1959.52	(66)	1681.45	(125)	1420.78	(128)	1145.07	(232)	847.356	(214)	574.632	(222)	279.768	(14)	0	(56)	
BB:8:56:35:233	19	2864.8	(18)	2556.73	(32)	2254.51	(142)	1968.53	(70)	1694.28	(117)	1425.79	(116)	1148.76	(240)	853.559	(222)	575.615	(214)	279.768	(14)	0	(56)	
BB:8:56:36:216
BB:8:56:48:87
BB:8:56:48:233	21	2866.91	(222)	2589.34	(222)	2282.24	(246)	1979.78	(184)	1677.66	(72)	1384.21	(69)	1089.29	(113)	816.48	(64)	546.552	(240)	260.064	(222)	0	(214)	
BB:8:56:48:442	21	2863.75	(222)	2596.72	(222)	2297.19	(214)	1984.73	(168)	1682.51	(72)	1388.96	(69)	1084.55	(113)	809.4	(64)	546.552	(256)	260.064	(222)	0	(214)	
BB:8:56:48:498	21	2837.2	(206)	2558.42	(254)	2268.5	(246)	1972.17	(216)	1680.51	(152)	1386.63	(69)	1097.56	(113)	826.392	(128)	553.308	(48)	260.064	(222)	0	(214)	
BB:8:56:48:561	21	2827.83	(254)	2548.68	(254)	2257.76	(246)	1965.69	(216)	1680.69	(152)	1395.54	(101)	1095.52	(65)	819.312	(128)	553.308	(64)	260.064	(222)	0	(214)	
BB:8:56:48:625	21	2802.29	(62)	2530.94	(62)	2236.51	(246)	1943.35	(216)	1654.7	(216)	1359.6	(133)	1070.56	(113)	814.392	(128)	553.308	(112)	260.064	(222)	0	(214)	
BB:8:56:48:681	21	2800.11	(62)	2528.18	(62)	2229.49	(246)	1937.31	(216)	1655.31	(216)	1367.82	(165)	1068.52	(65)	807.312	(128)	553.308	(128)	260.064	(222)	0	(214)	
BB:8:56:50:138
BB:8:57:3:337
BB:8:57:3:494	23	2931.51	(65)	2609.99	(128)	2290.44	(64)	2000.85	(54)	1699.52	(214)	1406.66	(214)	1113.87	(224)	826.178	(141)	534.024	(101)	268.08	(120)	0	(128)	
BB:8:57:3:594	23	2916.37	(221)	2596.98	(4)	2263.5	(2)	1968.7	(62)	1680.23	(254)	1388.83	(216)	1109.38	(216)	829.852	(149)	541.2	(101)	270.768	(128)	0	(128)	
BB:8:57:3:752	23	2886.75	(65)	2570.55	(116)	2259.26	(64)	1986.49	(62)	1695.94	(222)	1412.71	(214)	1132.83	(216)	845.93	(133)	548.712	(101)	272.424	(116)	0	(128)	
BB:8:57:11:566
BB:8:57:18:647
BB:8:57:18:810	25	3064.33	(222)	2747.08	(206)	2419.2	(13)	2081.55	(56)	1732.64	(52)	1446.85	(254)	1163.73	(254)	869.608	(214)	580.439	(152)	302.549	(85)	0	(101)	
BB:8:57:18:908	25	3047.36	(222)	2729.68	(206)	2401.37	(13)	2067.82	(56)	1723.02	(52)	1441.33	(254)	1162.32	(254)	872.296	(214)	587.231	(152)	304.445	(69)	0	(101)	
BB:8:57:18:994	25	3028.39	(254)	2714.41	(254)	2392.54	(29)	2072.58	(4)	1733.25	(4)	1447.17	(254)	1165.54	(254)	877.54	(214)	593.927	(152)	306.653	(117)	0	(101)	
BB:8:57:20:225	25	2976.63	(94)	2655.21	(158)	2345.19	(141)	2016.98	(8)	1685.86	(52)	1414.44	(62)	1134.69	(254)	857.608	(214)	580.439	(216)	302.549	(85)	0	(101)	
BB:8:57:20:407	25	2953.77	(94)	2639.39	(158)	2333.42	(157)	2003.25	(8)	1676.24	(52)	1408.92	(62)	1133.28	(254)	860.296	(214)	587.231	(216)	304.445	(69)	0	(101)	
BB:8:57:26:474
BB:8:57:33:881
BB:8:57:34:33	27	3042.21	(32)	2725.02	(224)	2419.96	(254)	2083.96	(245)	1758.21	(149)	1446.6	(80)	1131.28	(78)	853.888	(126)	556.272	(242)	271.452	(216)	0	(216)	
BB:8:57:34:149	27	3039.48	(24)	2713.11	(216)	2394.78	(254)	2053.6	(241)	1733.56	(157)	1419.9	(80)	1107.52	(80)	837.864	(126)	549.408	(242)	271.92	(214)	0	(216)	
BB:8:57:34:363	27	3014.8	(32)	2699.9	(224)	2388.49	(242)	2053.6	(241)	1733.56	(157)	1419.9	(80)	1107.52	(80)	837.864	(126)	549.408	(246)	271.92	(214)	0	(216)	
BB:8:57:34:484	27	2983.77	(32)	2673.16	(224)	2363.86	(242)	2031.08	(241)	1721.82	(141)	1416.88	(80)	1117.15	(128)	852.96	(126)	553.44	(214)	271.92	(214)	0	(216)	
BB:8:57:34:635	27	2975.05	(64)	2675.29	(64)	2369.81	(210)	2040.85	(209)	1727.17	(157)	1417.21	(80)	1117.4	(128)	853.128	(126)	553.524	(198)	271.92	(214)	0	(216)	
BB:8:57:36:304
BB:8:57:49:278
BB:8:57:49:453	29	3337.85	(125)	2991.09	(93)	2649.1	(20)	2309.16	(212)	1986.11	(222)	1621.51	(206)	1275.61	(177)	957.468	(64)	626.712	(64)	319.176	(46)	0	(198)	
BB:8:57:49:628	29	3195.16	(61)	2870.4	(29)	2554.21	(20)	2228.17	(212)	1919.03	(222)	1568.34	(206)	1236.35	(177)	932.112	(128)	615.264	(128)	319.176	(110)	0	(198)	
BB:8:57:49:807	29	3145.7	(56)	2826.71	(21)	2527.34	(32)	2216.65	(224)	1906.27	(206)	1570.44	(242)	1252.01	(177)	936.444	(128)	619.452	(112)	320.136	(94)	0	(198)	
BB:8:57:51:428
BB:8:58:4:512
BB:8:58:4:705	31	3545.28	(221)	3197.77	(20)	2830.16	(4)	2437.35	(13)	2056.81	(256)	1709.98	(256)	1389.82	(246)	1041.01	(254)	684.828	(177)	337.548	(80)	0	(112)	
BB:8:58:5:418	31	3543.79	(221)	3197.71	(17)	2832.59	(4)	2450.82	(16)	2071	(254)	1725.98	(254)	1400.09	(245)	1045.31	(256)	697.968	(180)	346.668	(78)	0	(112)	
BB:8:58:5:900	31	3529.81	(221)	3189.37	(17)	2825.51	(4)	2445	(16)	2066.44	(254)	1722.68	(254)	1407.05	(246)	1050.53	(256)	701.448	(180)	348.408	(77)	0	(112)	
BB:8:58:6:699	31	3473.17	(253)	3161.5	(21)	2816.22	(24)	2447.57	(32)	2076.84	(194)	1720.8	(206)	1383.62	(253)	1034.2	(256)	699.828	(180)	351.768	(126)	0	(112)	
BB:8:58:7:329	31	3458.83	(253)	3153.16	(21)	2809.14	(24)	2441.75	(32)	2072.28	(194)	1717.5	(206)	1390.58	(254)	1039.42	(256)	703.308	(180)	353.508	(125)	0	(112)	
BB:8:58:10:41	31	3398.28	(253)	3099.84	(32)	2763.93	(24)	2407.41	(21)	2059.06	(208)	1716.82	(208)	1383.72	(242)	1037.9	(242)	691.848	(189)	342.648	(128)	0	(112)	
BB:8:58:38:546
BB:8:58:42:365
BB:8:58:42:551	33	3159.57	(116)	2852.17	(114)	2568.8	(254)	2306.25	(237)	1997.09	(24)	1686.11	(24)	1374.8	(224)	1041.29	(206)	698.136	(242)	337.644	(177)	0	(189)	
BB:8:58:44:347	33	3136.09	(66)	2811.13	(116)	2524.66	(256)	2262.1	(253)	1959	(37)	1631.82	(24)	1327.81	(32)	1009.49	(224)	684.936	(194)	339.144	(242)	0	(189)	
BB:8:58:45:728	33	3119.59	(116)	2810.26	(114)	2537.98	(254)	2278.42	(253)	1972.13	(40)	1655.05	(24)	1352.12	(32)	1027.43	(222)	696.336	(194)	338.844	(241)	0	(189)	
BB:8:58:53:533
BB:8:58:57:584
BB:8:58:57:745	35	3148.56	(208)	2829.67	(208)	2538.66	(244)	2223.69	(114)	1937.59	(126)	1652.05	(253)	1328.39	(232)	992.928	(24)	665.196	(32)	326.844	(222)	0	(194)	
BB:8:58:58:516	35	3133.88	(208)	2817.2	(208)	2528.21	(244)	2213.82	(114)	1928.29	(126)	1645.86	(253)	1334.61	(40)	1006.57	(24)	667.596	(224)	326.844	(222)	0	(194)	
BB:8:59:4:280
BB:8:59:12:884
BB:8:59:13:54	37	3259.8	(53)	2923.58	(245)	2600.47	(248)	2279.05	(196)	1965.4	(68)	1634.3	(126)	1338.96	(254)	1047.59	(246)	706.48	(40)	347.4	(20)	0	(224)	
BB:8:59:14:193	37	3240.12	(21)	2900.92	(213)	2566.69	(240)	2248.72	(208)	1940.61	(68)	1597.14	(114)	1285.25	(254)	1017.93	(254)	697.48	(56)	347.4	(24)	0	(224)	
BB:8:59:14:339	37	3228.05	(21)	2901.21	(213)	2578.72	(216)	2250.58	(228)	1938.76	(68)	1603.11	(78)	1306.68	(254)	1035.59	(246)	706.48	(56)	347.4	(20)	0	(224)	
BB:8:59:18:611
BB:8:59:28:87
BB:8:59:28:226	39	3265.21	(224)	2966.65	(222)	2637.64	(246)	2275.21	(117)	1915.93	(104)	1560.49	(4)	1236.82	(196)	892.628	(254)	593.798	(254)	316.535	(53)	0	(56)	
BB:8:59:29:797	39	3233.63	(210)	2907.79	(221)	2583.19	(253)	2233.54	(128)	1890.02	(104)	1550.26	(8)	1233.61	(198)	893.045	(254)	603.038	(254)	320.735	(56)	0	(56)	
BB:8:59:31:156	39	3142.65	(62)	2852.58	(221)	2554.22	(213)	2224.04	(88)	1896.99	(104)	1549.85	(16)	1245.27	(206)	914.207	(254)	613.379	(242)	320.735	(56)	0	(56)	
BB:8:59:32:156
BB:8:59:43:266
BB:8:59:43:412	41	3265.68	(242)	2941.38	(52)	2613.44	(256)	2308.49	(126)	1965.85	(69)	1600.45	(197)	1263.58	(232)	926.53	(40)	623.7	(224)	308.7	(222)	0	(242)	
BB:8:59:43:504	41	3196.68	(116)	2900.59	(244)	2576.3	(64)	2258.09	(14)	1925.37	(197)	1598.19	(229)	1269.64	(104)	935.819	(96)	638.628	(224)	309.384	(254)	0	(242)	
BB:8:59:44:585	41	3118.5	(116)	2829.36	(242)	2503.74	(62)	2198.9	(13)	1880.81	(197)	1562.33	(232)	1255.18	(104)	933.839	(96)	639.108	(222)	309.384	(254)	0	(242)	
BB:8:59:46:671
BB:8:59:58:546
BB:8:59:58:691	43	3337.8	(126)	2930.53	(94)	2547.27	(2)	2212.79	(4)	1868.21	(256)	1566.57	(125)	1252.82	(245)	927.185	(216)	617.63	(104)	292.031	(96)	0	(222)	
BB:8:59:58:766	43	3308.17	(120)	2909.4	(96)	2538.5	(4)	2209.87	(1)	1866.84	(253)	1572.34	(125)	1259.9	(248)	948.667	(216)	634.85	(104)	294.131	(94)	0	(222)	
BB:9:0:2:297
BB:9:0:13:722
BB:9:0:13:858	45	3624.48	(86)	3159.86	(85)	2726.31	(120)	2311.54	(4)	1938.63	(4)	1615.13	(113)	1286.62	(253)	975.804	(125)	645.444	(216)	327.312	(232)	0	(104)	
BB:9:0:13:941	45	3564.7	(86)	3116.29	(85)	2684.54	(24)	2272.17	(196)	1911.05	(196)	1597.28	(49)	1272.79	(61)	972.252	(253)	649.212	(216)	327.42	(104)	0	(104)	
BB:9:0:14:102	45	3491.04	(118)	3053.25	(117)	2653.81	(72)	2262.33	(80)	1900.18	(52)	1588.15	(17)	1255.71	(221)	956.34	(253)	646.236	(248)	327.9	(120)	0	(104)	
BB:9:0:15:11	45	3484.91	(118)	3051.35	(117)	2649.71	(72)	2258.07	(16)	1909.69	(52)	1601.52	(209)	1278.15	(221)	978.18	(253)	651.996	(184)	327.9	(120)	0	(104)	
BB:9:0:18:749
BB:9:0:28:983
BB:9:0:29:119	47	3839.13	(128)	3426.42	(126)	2977.14	(70)	2517.13	(6)	2088.72	(56)	1674.22	(20)	1292.49	(244)	970.787	(209)	628.36	(221)	318.504	(189)	0	(184)	
BB:9:0:29:256	47	3816.29	(96)	3389.38	(78)	2943.81	(246)	2494.93	(246)	2060.2	(8)	1651.41	(4)	1284.69	(52)	959.567	(209)	616.36	(221)	318.504	(253)	0	(184)	
BB:9:0:29:443	47	3785.93	(120)	3368.16	(72)	2910.81	(246)	2461.8	(254)	2040.13	(2)	1645.88	(4)	1288.68	(52)	969.274	(221)	630.282	(221)	323.424	(249)	0	(184)	
BB:9:0:29:661	47	3763.93	(116)	3338.58	(68)	2883.28	(254)	2449.65	(254)	2041.07	(6)	1658.47	(8)	1306.04	(56)	985.092	(221)	645.676	(221)	328.824	(241)	0	(184)	
BB:9:0:31:851
BB:9:0:44:258
BB:9:0:44:451	49	3951.02	(210)	3520.34	(244)	3118.67	(256)	2691.18	(128)	2233.04	(70)	1788.69	(70)	1402.96	(118)	1019.69	(86)	636.498	(64)	327.012	(32)	0	(221)	
BB:9:0:44:606	49	3933.53	(210)	3497.52	(244)	3090.45	(256)	2666.62	(128)	2216.06	(70)	1779.29	(70)	1397.54	(118)	1014.89	(88)	639.702	(64)	327.468	(29)	0	(221)	
BB:9:0:46:8	49	3922.94	(242)	3495.17	(244)	3087.68	(208)	2664.09	(80)	2223.72	(118)	1793.84	(118)	1406.13	(118)	1018.07	(24)	653.682	(64)	333.828	(221)	0	(221)	
BB:9:0:48:1	49	3917.99	(194)	3493.76	(196)	3084.67	(256)	2664.63	(128)	2222.97	(118)	1785.83	(86)	1407	(86)	1029.2	(118)	641.28	(16)	327.012	(32)	0	(221)	
BB:9:0:48:214	49	3916.24	(194)	3492.84	(196)	3087.15	(256)	2668.98	(128)	2225.99	(118)	1788.77	(86)	1410.03	(86)	1032.32	(118)	642.84	(12)	327.012	(32)	0	(221)	
BB:9:0:48:627	49	3900.49	(194)	3470.94	(196)	3056.45	(256)	2640.06	(128)	2205.99	(118)	1776.42	(86)	1401.58	(86)	1024.4	(120)	644.484	(16)	327.468	(29)	0	(221)	
BB:9:0:49:126	49	3898.74	(194)	3470.02	(196)	3058.93	(256)	2644.42	(128)	2209.01	(118)	1779.36	(86)	1404.61	(86)	1027.52	(120)	646.044	(12)	327.468	(29)	0	(221)	
BB:9:1:41:710
BB:9:1:45:436
BB:9:1:45:629	51	4257.06	(114)	3723.69	(50)	3232.12	(206)	2814.79	(208)	2435.76	(256)	2038.73	(120)	1612.61	(86)	1180.26	(86)	781.548	(114)	378.216	(4)	0	(12)	
BB:9:1:45:734	51	4203.5	(62)	3680.39	(198)	3220.58	(198)	2822.82	(248)	2437.66	(248)	2028.26	(128)	1590.27	(82)	1160.99	(82)	771.912	(118)	378.216	(8)	0	(12)	
BB:9:1:46:949	51	4157.48	(62)	3642.92	(198)	3191.66	(198)	2806.51	(248)	2433.97	(248)	2019.43	(128)	1571.55	(82)	1145.21	(82)	768.912	(118)	388.116	(70)	0	(12)	
BB:9:2:0:708
BB:9:2:4:428
BB:9:2:4:579	53	4341.13	(214)	3807.86	(22)	3280.01	(54)	2771.45	(246)	2308.11	(198)	1921.76	(244)	1558.92	(212)	1159.43	(96)	748.068	(118)	353.064	(118)	0	(118)	
BB:9:2:4:883	53	4307.03	(214)	3781.88	(22)	3256.79	(54)	2750.52	(246)	2304.72	(198)	1940.08	(248)	1586.83	(248)	1194.25	(128)	773.268	(82)	362.52	(82)	0	(118)	
BB:9:2:4:981	53	4305.72	(214)	3782.13	(22)	3257.62	(54)	2751.64	(246)	2307.52	(198)	1941.3	(248)	1586.84	(248)	1198.61	(116)	779.508	(82)	364.464	(94)	0	(118)	
BB:9:2:5:370	53	4240.51	(222)	3719.55	(30)	3216.65	(62)	2725.31	(246)	2292.15	(198)	1925.78	(248)	1567.92	(216)	1165.43	(96)	751.068	(114)	353.064	(118)	0	(118)	
BB:9:2:5:478	53	4214.37	(222)	3695.06	(30)	3192.98	(62)	2701.55	(246)	2267.64	(198)	1911.14	(248)	1564.85	(248)	1167.11	(96)	757.188	(82)	353.064	(118)	0	(118)	
BB:9:2:8:704
BB:9:2:19:705
BB:9:2:19:894	55	4856.77	(116)	4147.63	(221)	3546.44	(221)	2978.02	(32)	2437.69	(60)	1953.66	(200)	1532.03	(248)	1176.6	(248)	807.516	(248)	397.98	(94)	0	(82)	
BB:9:2:20:139	55	4673.87	(113)	4023.93	(210)	3468.93	(222)	2947.3	(30)	2445.66	(62)	1945.81	(198)	1507.36	(246)	1147.51	(248)	799.728	(248)	402.672	(96)	0	(82)	
BB:9:2:31:513
BB:9:2:35:138
BB:9:2:35:295	57	5596.67	(241)	4803.93	(61)	4065.86	(61)	3383.21	(78)	2800.35	(94)	2255.93	(26)	1734.31	(26)	1219.68	(246)	759.888	(214)	369.564	(248)	0	(248)	
BB:9:2:35:825	57	5545.03	(61)	4744.43	(61)	4022.65	(114)	3371.5	(114)	2793	(114)	2252.13	(26)	1739.07	(26)	1230.73	(214)	765.588	(246)	369.564	(248)	0	(248)	
BB:9:2:35:965	57	5528.27	(61)	4738.86	(125)	4028.83	(113)	3382.84	(114)	2802.46	(114)	2261.79	(26)	1747.83	(26)	1239.61	(214)	770.028	(230)	369.564	(248)	0	(248)	
BB:9:2:38:877
BB:9:2:50:318
BB:9:2:50:524	59	6748.27	(64)	5798.39	(16)	4912.31	(16)	4076.99	(207)	3314.75	(195)	2629.26	(49)	2035.28	(113)	1496.02	(90)	980.699	(90)	467.129	(214)	0	(230)	
BB:9:2:50:674	59	6608.17	(256)	5677.52	(256)	4831.15	(255)	4034.57	(63)	3314.46	(49)	2641.41	(49)	2042.58	(82)	1512.24	(90)	988.596	(90)	468.258	(230)	0	(230)	
BB:9:2:52:357	59	6501.05	(56)	5604.38	(3)	4777.02	(11)	3998.76	(201)	3295.95	(241)	2643.03	(242)	2068.64	(114)	1521.16	(94)	986.399	(94)	478.769	(222)	0	(230)	
BB:9:2:58:593	59	6418.35	(4)	5530.74	(20)	4713.33	(8)	3966.87	(67)	3278.47	(115)	2616.25	(113)	2042.22	(125)	1501.58	(94)	981.683	(222)	467.129	(214)	0	(230)	
BB:9:3:38:251
BB:9:3:42:91
BB:9:3:42:281	61	7537.81	(88)	6437.48	(88)	5437.89	(4)	4565.16	(20)	3748.1	(4)	2998.03	(71)	2329.79	(119)	1647.29	(69)	1052.73	(125)	529.338	(126)	0	(222)	
BB:9:3:42:390	61	7467.53	(120)	6395.29	(88)	5400.48	(12)	4504.98	(4)	3682.23	(24)	2948.82	(82)	2268.26	(114)	1617.45	(113)	1057.97	(77)	531.509	(94)	0	(222)	
BB:9:3:42:516	61	7336.81	(152)	6292.48	(28)	5340.01	(28)	4474.81	(3)	3682.15	(67)	2953.05	(113)	2260.03	(113)	1612.92	(126)	1049.55	(126)	533.05	(78)	0	(222)	
BB:9:3:43:495	61	7310.67	(246)	6266.99	(246)	5333.24	(245)	4480.48	(245)	3702.42	(53)	2968.4	(5)	2268.06	(88)	1616.2	(120)	1062.27	(128)	545.35	(80)	0	(222)	
BB:9:3:44:152	61	7251.19	(38)	6245.24	(21)	5323.76	(21)	4468.4	(85)	3679.87	(84)	2951.27	(68)	2262.99	(116)	1616.36	(128)	1052.18	(128)	533.05	(78)	0	(222)	
BB:9:3:55:623
BB:9:3:59:351
BB:9:3:59:498	63	7511.2	(173)	6529.41	(154)	5593.09	(186)	4654.15	(18)	3818.05	(17)	3058.43	(17)	2358.36	(85)	1717.99	(72)	1116.96	(120)	523.62	(120)	0	(128)	
BB:9:4:2:237
BB:9:4:14:505
BB:9:4:14:702	65	8061.51	(54)	7081.17	(181)	6164.02	(177)	5278.04	(146)	4397.98	(82)	3510.55	(90)	2688.87	(25)	1939.84	(21)	1234.61	(69)	589.826	(120)	0	(120)	
BB:9:4:15:193	65	7890.26	(118)	6965.67	(53)	6092.06	(49)	5227.73	(50)	4367.72	(246)	3490.71	(214)	2678.67	(201)	1949.52	(217)	1255.2	(81)	593.82	(84)	0	(120)	
BB:9:4:15:405	65	7863.28	(178)	6910.95	(125)	6056.63	(121)	5220.26	(122)	4367.37	(50)	3499.58	(18)	2679.18	(17)	1932.66	(213)	1250.58	(213)	595.98	(200)	0	(120)	
BB:9:4:15:617	65	7757.98	(182)	6857.45	(117)	6014.5	(113)	5196.38	(66)	4366.54	(18)	3508.09	(26)	2695.12	(25)	1936.51	(213)	1247.39	(197)	597.806	(248)	0	(120)	
BB:9:4:16:975	65	7697.48	(118)	6813.97	(117)	5969.32	(117)	5126.81	(10)	4305.77	(26)	3444.77	(18)	2681.45	(209)	1939.31	(209)	1240.31	(197)	589.826	(120)	0	(120)	
BB:9:4:34:660
BB:9:4:38:497
BB:9:4:38:646	67	8014.92	(80)	7112.39	(120)	6254.67	(119)	5411.59	(119)	4621.03	(122)	3830.64	(58)	3021.72	(18)	2189.28	(18)	1402.02	(209)	681.54	(213)	0	(197)	
BB:9:4:38:742	67	7919.84	(80)	7022.4	(128)	6151.55	(127)	5312.89	(123)	4540.49	(122)	3748.78	(54)	2953.14	(22)	2132.04	(18)	1393.69	(209)	686.7	(209)	0	(197)	
BB:9:4:41:873
BB:9:4:53:765
BB:9:4:53:956	69	7863.56	(256)	7028.14	(80)	6214.74	(80)	5390.37	(128)	4598.85	(119)	3822.35	(119)	3064.75	(118)	2299.47	(26)	1547.66	(26)	758.64	(18)	0	(209)	
BB:9:4:55:945	69	7854.69	(156)	7017.46	(72)	6197.18	(72)	5381.53	(119)	4582.45	(119)	3782.62	(127)	3039.32	(126)	2295.87	(30)	1547.66	(30)	758.64	(18)	0	(209)	
BB:9:5:3:203
BB:9:5:8:982
BB:9:5:9:118	71	7788.73	(156)	7030.56	(152)	6242.05	(152)	5428.72	(71)	4616.95	(71)	3779.11	(113)	2944.06	(114)	2137.97	(126)	1426.86	(62)	735.72	(62)	0	(30)	
BB:9:5:9:226	71	7732.25	(156)	6981.95	(156)	6190.47	(152)	5401.99	(71)	4616.51	(71)	3784.83	(117)	2971.03	(114)	2179.01	(126)	1456.04	(62)	742.44	(30)	0	(30)	
BB:9:5:11:38
BB:9:5:24:322
BB:9:5:24:509	73	8417.64	(32)	7591.23	(32)	6718.54	(160)	5845.26	(152)	4975.61	(135)	4088.09	(71)	3214.16	(117)	2360.62	(113)	1541.86	(114)	735.801	(126)	0	(62)	
BB:9:5:24:713	73	8410.97	(32)	7548.51	(24)	6665.72	(152)	5800.52	(156)	4932.37	(139)	4032	(67)	3157.2	(113)	2319.24	(117)	1533.18	(118)	740.76	(118)	0	(62)	
BB:9:5:24:981	73	8295.38	(30)	7470.45	(30)	6603.35	(153)	5740.76	(153)	4852.98	(132)	3983.92	(68)	3152.82	(120)	2346.06	(120)	1562.34	(120)	751.32	(116)	0	(62)	
BB:9:5:25:99	73	8267.72	(30)	7451	(30)	6570.61	(157)	5708.78	(153)	4841.58	(140)	3971.74	(68)	3140.82	(116)	2328.06	(120)	1550.34	(120)	751.32	(120)	0	(62)	
BB:9:5:26:236	73	8187.31	(30)	7375.41	(30)	6505.69	(157)	5663.36	(153)	4816.2	(140)	3961.84	(68)	3140.28	(116)	2332.08	(120)	1547.22	(120)	740.76	(118)	0	(62)	
BB:9:5:26:451	73	8181.12	(30)	7373.28	(25)	6513.56	(153)	5655.83	(148)	4812.22	(132)	3974.75	(68)	3164.49	(120)	2363.3	(120)	1555.9	(120)	735.801	(126)	0	(62)	
BB:9:5:29:964
BB:9:5:39:561
BB:9:5:39:743	75	8863.33	(78)	7946.16	(78)	7022.85	(45)	6150.72	(41)	5237.2	(153)	4339.87	(148)	3450.6	(148)	2546.94	(84)	1684.2	(120)	838.32	(120)	0	(120)	
BB:9:5:39:848	75	8777.08	(206)	7859.17	(207)	6941.42	(111)	6087.62	(105)	5229.05	(89)	4370.29	(81)	3475.08	(20)	2566.44	(148)	1695.12	(184)	846.54	(184)	0	(120)	
BB:9:5:39:942	75	8682.05	(126)	7776.66	(79)	6886.42	(79)	6054.5	(73)	5206.21	(89)	4340.7	(17)	3436.06	(212)	2543.76	(212)	1690.56	(248)	846.54	(248)	0	(120)	
BB:9:5:44:822
BB:9:5:54:845
BB:9:5:55:91	77	8790.95	(223)	7904.38	(191)	7044.47	(186)	6186.84	(186)	5293.2	(114)	4422.5	(70)	3567.8	(85)	2711.43	(81)	1804.33	(20)	897.047	(212)	0	(248)	
BB:9:5:58:260	77	8714.08	(221)	7815.25	(63)	6952.37	(59)	6071.72	(185)	5181.13	(177)	4326.4	(69)	3496.98	(86)	2692.64	(82)	1813.41	(82)	897.047	(212)	0	(248)	
BB:9:6:9:360
BB:9:6:13:193
BB:9:6:13:327	79	8482.02	(82)	7548.33	(54)	6640.07	(134)	5767.35	(135)	4897.93	(135)	4024.53	(57)	3190.73	(57)	2389.53	(117)	1595.7	(86)	832.349	(82)	0	(82)	
BB:9:6:13:632	79	8473.26	(66)	7548.33	(54)	6648.83	(150)	5784.87	(151)	4919.41	(151)	4041.71	(57)	3203.61	(57)	2398.12	(117)	1599.99	(70)	832.349	(82)	0	(82)	
BB:9:6:14:420
BB:9:6:28:485
BB:9:6:28:701	81	8758.88	(96)	7803.82	(80)	6840.69	(16)	5924.3	(8)	5048.88	(23)	4191.78	(151)	3309.78	(150)	2448.06	(186)	1620.72	(185)	813.6	(117)	0	(70)	
BB:9:6:28:851	81	8720.48	(96)	7776.16	(80)	6823.77	(16)	5918.12	(8)	5046.84	(24)	4185	(149)	3316.26	(149)	2461.98	(185)	1626.6	(187)	813.72	(119)	0	(70)	
BB:9:6:29:1	81	8366.89	(53)	7529.03	(8)	6625.33	(8)	5753.08	(208)	4912.33	(224)	4091.14	(224)	3271.42	(224)	2445.66	(256)	1626.6	(256)	813.72	(120)	0	(70)	
BB:9:6:32:588	81	8303.71	(53)	7483.37	(8)	6597.19	(8)	5742.46	(208)	4913.77	(224)	4095.46	(224)	3275.26	(224)	2449.02	(256)	1629.48	(256)	813.6	(117)	0	(70)	
BB:9:7:0:122
BB:9:7:3:859
BB:9:7:4:44	83	8227.71	(185)	7440.61	(165)	6650.77	(37)	5821.11	(8)	4937.58	(8)	4088.6	(208)	3266.68	(224)	2455.77	(224)	1642.27	(224)	824.436	(256)	0	(256)	
BB:9:7:12:648
BB:9:7:19:86
BB:9:7:19:296	85	8167.44	(115)	7329.07	(122)	6517.87	(186)	5698.9	(166)	4912.74	(38)	4129.65	(5)	3293.63	(5)	2454.41	(205)	1620.4	(221)	807.94	(224)	0	(224)	
BB:9:7:19:429	85	8078.38	(113)	7259.25	(123)	6473.78	(187)	5674.29	(167)	4897.9	(38)	4127.32	(6)	3288.83	(6)	2441.63	(205)	1614.76	(221)	813.4	(221)	0	(224)	
BB:9:7:21:526	85	8010.39	(125)	7181.82	(115)	6386.58	(179)	5605.24	(171)	4838.47	(42)	4064.48	(6)	3266.37	(6)	2457.94	(197)	1628.64	(213)	813.4	(221)	0	(224)	
BB:9:7:32:748
BB:9:7:36:474
BB:9:7:36:660	87	7853.21	(128)	7147	(128)	6408.95	(95)	5598.89	(83)	4783.74	(146)	3976.95	(170)	3201.35	(42)	2398.88	(6)	1598.46	(5)	812.248	(197)	0	(213)	
BB:9:7:37:27	87	7851.03	(256)	7127.31	(64)	6388.53	(31)	5585.54	(19)	4764.97	(146)	3958.77	(170)	3180.95	(170)	2365.34	(70)	1582.62	(69)	815.848	(69)	0	(213)	
BB:9:7:37:516	87	7845.83	(132)	7014.48	(64)	6224.88	(64)	5421.43	(64)	4683.12	(256)	3956.13	(256)	3202.37	(256)	2389.46	(70)	1612.2	(70)	832.888	(70)	0	(213)	
BB:9:7:43:415
BB:9:7:51:712
BB:9:7:51:911	89	7641.21	(145)	6859.5	(129)	6057.49	(132)	5244.92	(64)	4474.15	(64)	3687.06	(64)	2965.19	(256)	2267.12	(256)	1543.8	(256)	754.74	(70)	0	(70)	
BB:9:8:20:731
BB:9:8:24:452
BB:9:8:24:618	91	7744.65	(27)	6934.75	(9)	6137.49	(129)	5367.29	(129)	4557.38	(177)	3740.31	(64)	2959.74	(64)	2161.4	(64)	1426.69	(256)	723.06	(256)	0	(256)	
BB:9:8:24:821	91	7725.23	(9)	6902.82	(185)	6056.03	(185)	5237.89	(180)	4479.81	(180)	3719.64	(52)	2958.09	(32)	2191.86	(32)	1457.16	(224)	735.06	(240)	0	(256)	
BB:9:8:25:660	91	7603.27	(73)	6800.94	(121)	6012.74	(177)	5222.02	(177)	4430.81	(164)	3661.88	(48)	2920.8	(32)	2163.3	(32)	1433.16	(224)	723.06	(256)	0	(256)	
BB:9:8:25:726	91	7550.47	(9)	6743.29	(249)	5954.89	(241)	5178.01	(241)	4414.35	(244)	3665.07	(256)	2909.46	(32)	2153.22	(32)	1436.64	(32)	723.06	(256)	0	(256)	
BB:9:8:28:388
BB:9:8:39:934
BB:9:8:40:104	93	7633.24	(251)	6879.26	(247)	6122.77	(117)	5347.46	(117)	4569.52	(77)	3783.7	(137)	3016.18	(172)	2261.1	(164)	1497	(20)	731.46	(20)	0	(32)	
BB:9:8:40:329	93	7517.74	(256)	6796.31	(256)	6051.64	(120)	5286.28	(119)	4517.92	(69)	3754.64	(129)	3024.19	(169)	2292.84	(169)	1523.58	(19)	743.34	(19)	0	(32)	
BB:9:8:41:738	93	7459.99	(256)	6748.39	(256)	6006.4	(118)	5259.3	(118)	4496.72	(70)	3737.92	(137)	3009.41	(169)	2274.54	(161)	1509.12	(17)	731.46	(20)	0	(32)	
BB:9:8:45:373
BB:9:8:55:197
BB:9:8:55:424	95	7286.01	(221)	6522.48	(255)	5815.13	(255)	5113.49	(119)	4395.35	(118)	3650.58	(70)	2891.08	(10)	2153.6	(137)	1439.52	(169)	720.12	(161)	0	(17)	
BB:9:8:55:630	95	7231.71	(189)	6465.26	(191)	5769.11	(191)	5074.47	(119)	4363.33	(118)	3621.19	(70)	2864.32	(10)	2140.16	(201)	1439.52	(233)	720.12	(225)	0	(17)	
BB:9:9:0:983	95	7229.57	(77)	6461.03	(127)	5742.95	(127)	5046.28	(127)	4324.93	(54)	3596.04	(54)	2854.61	(198)	2136.3	(201)	1440.9	(201)	720.12	(225)	0	(17)	
BB:9:9:7:135
BB:9:9:10:845
BB:9:9:11:36	97	6976.91	(16)	6236.15	(189)	5490.42	(181)	4785.61	(183)	4127.07	(191)	3473.36	(119)	2795.26	(86)	2081.83	(86)	1354.24	(218)	668.94	(201)	0	(201)	
BB:9:9:12:906	97	6974.09	(208)	6233.87	(253)	5481.9	(181)	4767.73	(183)	4106.43	(191)	3448.66	(183)	2763.15	(86)	2066.66	(86)	1355.65	(90)	668.94	(201)	0	(201)	
BB:9:9:31:992
BB:9:9:35:718
BB:9:9:35:921	99	7172.01	(208)	6462.39	(208)	5748.07	(208)	4990.9	(253)	4222.06	(181)	3481.44	(183)	2794.39	(191)	2124.44	(183)	1427.76	(86)	721.139	(86)	0	(90)	
BB:9:9:40:466
BB:9:9:51:30
BB:9:9:51:259	101	7291.67	(224)	6464.3	(224)	5713.69	(32)	4998.73	(32)	4273.04	(61)	3532.36	(189)	2772.85	(191)	2050.31	(183)	1368.94	(183)	683.22	(118)	0	(86)	
BB:9:9:52:63	101	7252.22	(210)	6424.87	(209)	5653.36	(31)	4929.13	(31)	4207.93	(61)	3477.73	(189)	2734.09	(192)	2029.55	(184)	1362.58	(184)	688.74	(120)	0	(86)	
BB:9:9:55:720	101	7232.25	(211)	6405.02	(211)	5630.77	(221)	4903.74	(221)	4203.25	(253)	3487.4	(256)	2760.88	(192)	2048.35	(184)	1363.44	(184)	683.364	(182)	0	(86)	
BB:9:9:56:107	101	7227.12	(222)	6388.52	(222)	5635.72	(222)	4922.22	(221)	4217.69	(253)	3491.34	(256)	2761.21	(184)	2054.42	(184)	1366.72	(192)	683.364	(182)	0	(86)	
BB:9:9:56:410	101	7143.3	(211)	6342.85	(211)	5589.41	(29)	4883.26	(29)	4183.91	(61)	3470.16	(192)	2751.25	(192)	2050.31	(184)	1368.94	(184)	683.22	(118)	0	(86)	
BB:9:9:57:75	101	7126.66	(211)	6318.51	(211)	5565.06	(221)	4858.82	(221)	4179.86	(253)	3481.86	(256)	2758.67	(128)	2055.46	(56)	1371.9	(56)	683.22	(118)	0	(86)	
BB:9:9:57:878	101	7121.51	(222)	6303.72	(222)	5571.71	(222)	4877.3	(221)	4194.3	(253)	3485.8	(256)	2759	(120)	2061.53	(56)	1375.18	(64)	683.22	(118)	0	(86)	
BB:9:10:24:161
BB:9:10:27:886
BB:9:10:28:60	103	7851.7	(49)	6882.17	(51)	5941.58	(255)	5064.55	(207)	4279.38	(205)	3549.81	(205)	2834.5	(256)	2114.72	(256)	1378.18	(128)	677.439	(64)	0	(64)	
BB:9:10:28:169	103	7627.1	(211)	6702.92	(223)	5838.39	(223)	5025.32	(223)	4277.2	(141)	3542.62	(141)	2810.41	(180)	2098.79	(184)	1376.95	(120)	681.024	(56)	0	(64)	
BB:9:10:28:498	103	7615.7	(211)	6693.26	(223)	5830.47	(223)	5019.14	(223)	4272.76	(141)	3539.92	(141)	2809.45	(180)	2099.57	(184)	1379.47	(120)	685.284	(120)	0	(64)	
BB:9:10:28:604	103	7607.8	(211)	6689.37	(223)	5830.58	(223)	5016.98	(223)	4273	(13)	3551.29	(13)	2814.01	(52)	2089.81	(184)	1379.23	(184)	685.464	(184)	0	(64)	
BB:9:10:30:328	103	7565.05	(211)	6660.8	(223)	5807.68	(223)	4994.93	(31)	4257.23	(29)	3544.06	(141)	2808.44	(132)	2091.17	(184)	1381.93	(184)	681.024	(56)	0	(64)	
BB:9:10:30:391	103	7553.52	(191)	6607.27	(191)	5752.35	(191)	4942.38	(63)	4206.8	(13)	3502.9	(205)	2791.7	(196)	2091.17	(248)	1381.93	(248)	681.024	(56)	0	(64)	
BB:9:10:31:277	103	7445.32	(35)	6509.38	(99)	5676.04	(95)	4912.45	(95)	4203.76	(93)	3521.92	(29)	2809.85	(20)	2105.99	(200)	1394.75	(200)	685.464	(248)	0	(64)	
BB:9:10:31:338	103	7384.92	(115)	6474.24	(115)	5646.02	(127)	4885.82	(127)	4167.73	(125)	3478.38	(29)	2781.82	(20)	2096.47	(216)	1394.75	(216)	685.464	(248)	0	(64)	
BB:9:10:39:943
BB:9:10:43:674
BB:9:10:43:869	105	8248.08	(126)	7207.8	(114)	6247.38	(113)	5325.14	(115)	4448.5	(127)	3618.41	(127)	2850.34	(77)	2150.4	(29)	1430.61	(32)	708.36	(216)	0	(216)	
BB:9:10:53:946
BB:9:10:58:977
BB:9:10:59:153	107	8770.24	(131)	7666.65	(183)	6628.11	(179)	5624.33	(49)	4724.61	(113)	3824.43	(118)	2984.92	(118)	2158	(94)	1413.87	(94)	719.868	(29)	0	(32)	
BB:9:11:4:235
BB:9:11:14:249
BB:9:11:14:469	109	9988.51	(133)	8703.54	(132)	7435.79	(52)	6287.74	(52)	5239.11	(56)	4246.71	(53)	3331.2	(114)	2443.18	(114)	1592.45	(114)	754.224	(94)	0	(94)	
BB:9:11:17:654	109	9812.43	(173)	8554.91	(145)	7394.2	(135)	6298.52	(135)	5244.15	(3)	4233.49	(49)	3301.6	(50)	2412.36	(118)	1594.98	(118)	772.62	(118)	0	(94)	
BB:9:11:58:781
BB:9:12:2:520
BB:9:12:2:696	111	10581.4	(110)	9277.43	(46)	7991.46	(173)	6821.82	(141)	5717.08	(141)	4590.28	(143)	3548.25	(51)	2576.46	(51)	1665.24	(50)	814.637	(118)	0	(118)	
BB:9:12:3:428	111	10453	(81)	9139.21	(32)	7945.42	(16)	6753.73	(16)	5593.83	(208)	4511.46	(208)	3507.36	(256)	2574.57	(254)	1701.84	(242)	839.261	(242)	0	(118)	
BB:9:12:4:442	111	10340.5	(113)	9076.17	(52)	7847.83	(4)	6698.05	(4)	5553.83	(208)	4480.8	(208)	3505.86	(256)	2580.48	(256)	1682.16	(253)	814.637	(118)	0	(118)	
BB:9:12:5:22	111	10331.1	(113)	9037.62	(52)	7777.22	(16)	6625.5	(16)	5506.76	(208)	4464.54	(208)	3514.51	(256)	2596.48	(256)	1689.78	(248)	820.181	(117)	0	(118)	
BB:9:12:9:61
BB:9:12:17:803
BB:9:12:17:970	113	10680.3	(146)	9426.28	(130)	8207.18	(129)	6987.18	(49)	5806.16	(63)	4665.47	(63)	3581.73	(207)	2638.59	(208)	1758.87	(208)	875.252	(256)	0	(248)	
BB:9:12:18:296	113	10641.3	(119)	9403.09	(115)	8158.51	(3)	6936.83	(13)	5780.45	(13)	4659.59	(208)	3570.92	(224)	2601.75	(212)	1753.78	(212)	881.58	(212)	0	(248)	
BB:9:12:21:713
BB:9:12:33:165
BB:9:12:33:321	115	11359.2	(151)	10087.1	(95)	8809.09	(86)	7568.4	(86)	6358.23	(70)	5158.86	(13)	3994.25	(9)	2856.4	(18)	1829.07	(210)	876.06	(210)	0	(212)	
BB:9:12:33:599	115	10909.6	(133)	9749.63	(69)	8576.54	(79)	7411.3	(79)	6246.85	(127)	5076.63	(61)	3955.27	(61)	2881.56	(62)	1866.87	(242)	901.74	(242)	0	(212)	
BB:9:12:36:475
BB:9:12:48:448
BB:9:12:48:674	117	11220.3	(150)	10129	(149)	8984.64	(141)	7817.55	(79)	6675.31	(79)	5529.59	(79)	4393.03	(126)	3257.6	(62)	2136.06	(61)	1045.02	(49)	0	(242)	
BB:9:12:48:854	117	11047.8	(149)	10023.1	(149)	8955.88	(134)	7817.54	(70)	6660.52	(78)	5504.01	(79)	4367.78	(127)	3230.7	(63)	2127.1	(61)	1049.54	(61)	0	(242)	
BB:9:12:50:87	117	11004.1	(246)	9960.56	(246)	8864.63	(246)	7689.77	(70)	6531.52	(95)	5437.71	(95)	4360.18	(95)	3260.02	(13)	2177.68	(13)	1073.82	(14)	0	(242)	
BB:9:12:51:553	117	10820.6	(181)	9781.76	(181)	8711.88	(150)	7629.81	(86)	6499.64	(94)	5413.92	(95)	4346.85	(79)	3250.39	(15)	2144.2	(13)	1049.54	(61)	0	(242)	
BB:9:12:56:550
BB:9:13:3:761
BB:9:13:3:939	119	11196.4	(190)	10164.8	(178)	9088.84	(178)	7950.96	(82)	6790.36	(93)	5624.29	(93)	4461.67	(95)	3322.38	(95)	2218.19	(15)	1109.45	(15)	0	(13)	
BB:9:13:4:56	119	11053.6	(182)	10052.5	(178)	8994.69	(178)	7875	(82)	6732.7	(93)	5584.93	(93)	4440.25	(96)	3318.9	(96)	2218.19	(16)	1109.45	(16)	0	(13)	
BB:9:13:4:416	119	11038.6	(54)	9999.54	(50)	8927.49	(50)	7812.96	(146)	6688.3	(157)	5562.91	(157)	4428.61	(96)	3332.4	(96)	2243.87	(80)	1125.23	(80)	0	(13)	
BB:9:13:4:533	119	10884.8	(256)	9793.91	(256)	8728.03	(256)	7665.15	(256)	6589	(94)	5527.78	(86)	4428.27	(86)	3321.08	(87)	2241.43	(7)	1129.98	(7)	0	(13)	
BB:9:13:5:581	119	10757.9	(192)	9690.54	(192)	8623.81	(190)	7553.26	(126)	6531.7	(86)	5491.18	(86)	4416.31	(86)	3317.22	(87)	2218.38	(7)	1109.45	(15)	0	(13)	
BB:9:13:6:391	119	10757.7	(64)	9643.56	(192)	8580.51	(192)	7530.16	(192)	6477.36	(150)	5439.36	(86)	4387.48	(86)	3322	(87)	2232.77	(87)	1109.45	(15)	0	(13)	
BB:9:13:11:747
BB:9:13:19:52
BB:9:13:19:191	121	10387.7	(256)	9299.87	(256)	8217.16	(256)	7179.93	(64)	6170.88	(62)	5169.66	(190)	4156.62	(150)	3138.72	(150)	2101.32	(86)	1075.86	(87)	0	(87)	
BB:9:13:20:416
BB:9:13:34:350
BB:9:13:34:576	123	10791.5	(128)	9550.1	(128)	8348.69	(64)	7231.64	(64)	6138.36	(64)	5053.91	(192)	4006.27	(190)	3032.95	(190)	2042.46	(174)	1011.36	(86)	0	(86)	
BB:9:13:35:138	123	10784.5	(64)	9547.04	(256)	8359.24	(256)	7246.57	(256)	6145.57	(256)	5057.38	(64)	4004.83	(62)	3018.85	(254)	2041.02	(238)	1022.64	(214)	0	(86)	
BB:9:13:35:322	123	10630	(116)	9449.85	(116)	8288.62	(52)	7197.16	(64)	6135.53	(64)	5076.67	(192)	4037.94	(190)	3056.68	(142)	2055.42	(142)	1023.36	(70)	0	(86)	
BB:9:13:35:436	123	10591.7	(68)	9399.66	(116)	8256.1	(52)	7163.41	(52)	6096.18	(64)	5035.66	(192)	3981.95	(190)	3013.08	(190)	2049.3	(174)	1023.48	(94)	0	(86)	
BB:9:13:36:270	123	10584.7	(52)	9396.6	(244)	8266.66	(244)	7178.34	(244)	6103.39	(256)	5039.13	(64)	3980.51	(62)	2998.98	(254)	2047.86	(238)	1034.76	(222)	0	(86)	
BB:9:13:36:359	123	10569.9	(68)	9396.08	(116)	8262.16	(52)	7170.04	(52)	6114.75	(64)	5060.11	(192)	4006.48	(190)	3037.86	(174)	2062.26	(142)	1035.48	(78)	0	(86)	
BB:9:13:40:801	123	10432.9	(248)	9269.4	(248)	8173.92	(244)	7120.64	(244)	6066.89	(244)	5009.16	(192)	3962.17	(190)	3005.37	(190)	2049.3	(190)	1023.48	(94)	0	(86)	
BB:9:13:40:908	123	10421.5	(132)	9262.57	(52)	8154.77	(52)	7076.61	(52)	6018.56	(256)	4985.58	(256)	3954.67	(254)	3005.37	(254)	2049.3	(254)	1023.48	(94)	0	(86)	
BB:9:13:59:351
BB:9:14:3:72
BB:9:14:3:249	125	10763.8	(149)	9657.46	(133)	8573.93	(136)	7446.31	(8)	6295.29	(4)	5164.36	(52)	4056.58	(244)	2999.86	(256)	1971.77	(254)	1000.8	(254)	0	(254)	
BB:9:14:6:342
BB:9:14:18:425
BB:9:14:18:679	127	11905.9	(5)	10708.8	(5)	9506.3	(197)	8270.76	(245)	7014.36	(244)	5767.39	(52)	4550.99	(52)	3379.37	(64)	2227.8	(256)	1099.08	(256)	0	(254)	
BB:9:14:18:822	127	11662.1	(14)	10449	(13)	9237.9	(205)	8012.69	(253)	6787.36	(248)	5605.13	(56)	4471.19	(56)	3352.13	(56)	2226.6	(244)	1102.68	(244)	0	(254)	
BB:9:14:19:143	127	11488.1	(85)	10342.9	(85)	9188.81	(85)	7986.92	(197)	6800.78	(196)	5616.71	(4)	4449.16	(4)	3330.44	(32)	2220.96	(224)	1102.8	(224)	0	(254)	
BB:9:14:19:331	127	11443.4	(94)	10268.3	(93)	9073.55	(93)	7850.17	(237)	6645.84	(232)	5487.92	(40)	4390	(8)	3315.2	(8)	2219.76	(196)	1106.4	(196)	0	(254)	
BB:9:14:19:546	127	11376.9	(78)	10204.5	(77)	9018.36	(77)	7803.62	(237)	6607.92	(232)	5458.64	(40)	4369.36	(24)	3303.2	(24)	2219.76	(212)	1106.4	(212)	0	(254)	
BB:9:14:34:666
BB:9:14:38:380
BB:9:14:38:547	129	11870.7	(94)	10600.7	(78)	9347.8	(70)	8115.23	(133)	6890.53	(133)	5682.59	(165)	4499.79	(168)	3338.21	(40)	2218.24	(24)	1122.62	(24)	0	(212)	
BB:9:14:40:278	129	11724.9	(110)	10513.6	(94)	9291.15	(86)	8062.67	(149)	6857.05	(149)	5669.45	(133)	4503.65	(136)	3346.85	(8)	2224.24	(8)	1122.62	(24)	0	(212)	
BB:9:14:44:413
BB:9:14:53:656
BB:9:14:53:863	131	11774.9	(94)	10584.5	(110)	9396.56	(110)	8197.32	(94)	6987.7	(86)	5775.79	(149)	4585.31	(149)	3412.07	(133)	2260.63	(136)	1120.48	(8)	0	(8)	
BB:9:14:54:162	131	11714.7	(88)	10523.6	(104)	9340.81	(112)	8139.9	(96)	6933.76	(86)	5736.85	(150)	4555.25	(150)	3391.97	(134)	2259.37	(133)	1126.06	(5)	0	(8)	
BB:9:14:55:612	131	11656.3	(56)	10445.1	(248)	9255.45	(256)	8062.61	(96)	6892.14	(86)	5730.91	(86)	4560.14	(86)	3391.69	(198)	2259.37	(197)	1126.06	(5)	0	(8)	
BB:9:14:55:674	131	11627.3	(24)	10405	(168)	9208.54	(176)	8016.73	(160)	6841.31	(150)	5679.5	(86)	4533	(86)	3390.64	(70)	2260.33	(69)	1126.06	(5)	0	(8)	
BB:9:14:56:15	131	11597.3	(24)	10381	(168)	9190.54	(176)	8004.73	(160)	6835.31	(150)	5679.5	(86)	4539	(86)	3402.64	(70)	2266.33	(65)	1126.06	(5)	0	(8)	
BB:9:14:56:673	131	11580.8	(24)	10385.4	(176)	9195.84	(176)	8008.27	(158)	6849.95	(150)	5699.72	(86)	4555.8	(86)	3415.9	(69)	2273.17	(65)	1120.48	(8)	0	(8)	
BB:9:14:56:738	131	11574.3	(32)	10363.5	(176)	9177.24	(176)	8007.31	(160)	6849.71	(152)	5687.72	(86)	4549.8	(86)	3415.9	(70)	2273.17	(66)	1120.48	(8)	0	(8)	
BB:9:15:9:857
BB:9:15:13:580
BB:9:15:13:767	133	12095.3	(88)	10868.9	(32)	9613.31	(32)	8334.97	(192)	7083.23	(192)	5870.54	(160)	4679.36	(152)	3488.94	(86)	2328.78	(86)	1174.8	(70)	0	(66)	
BB:9:15:13:861	133	12080.3	(88)	10859.9	(32)	9610.31	(32)	8337.97	(192)	7092.23	(192)	5885.54	(160)	4700.36	(152)	3515.94	(86)	2349.78	(86)	1177.8	(66)	0	(66)	
BB:9:15:15:703	133	12066.8	(81)	10826.9	(24)	9585.34	(24)	8335.97	(160)	7101.54	(160)	5893.14	(160)	4702.14	(152)	3506.34	(86)	2330.58	(102)	1174.8	(70)	0	(66)	
BB:9:15:18:502
BB:9:15:28:844
BB:9:15:29:108	135	12607.1	(81)	11372.5	(85)	10099.5	(32)	8834.58	(152)	7573.16	(152)	6292.12	(160)	4992.24	(156)	3685.14	(20)	2426.82	(6)	1202.58	(70)	0	(102)	
BB:9:15:29:241	135	12595.1	(81)	11336.5	(69)	10036.5	(16)	8747.58	(152)	7468.16	(152)	6187.12	(160)	4905.24	(156)	3637.14	(20)	2414.82	(22)	1202.58	(86)	0	(102)	
BB:9:15:29:439	135	12579.3	(93)	11326.3	(77)	10027.5	(16)	8741.58	(152)	7465.16	(152)	6187.12	(160)	4908.24	(156)	3643.14	(24)	2423.82	(22)	1205.58	(82)	0	(102)	
BB:9:15:32:805	135	12544.8	(93)	11315.5	(77)	10025.3	(13)	8731.98	(152)	7451.84	(152)	6168.04	(160)	4883.4	(156)	3626.46	(20)	2417.58	(24)	1202.58	(86)	0	(102)	
BB:9:15:32:896	135	12541.6	(157)	11301.3	(141)	10005.5	(141)	8715.2	(24)	7438.45	(24)	6160.48	(32)	4875.26	(220)	3627.68	(212)	2418.61	(216)	1202.58	(86)	0	(102)	
BB:9:15:32:956	135	12531.1	(77)	11295	(157)	10008.5	(29)	8724.18	(24)	7448.66	(24)	6156.65	(160)	4875.37	(156)	3627.83	(148)	2418.68	(152)	1202.58	(86)	0	(102)	
BB:9:15:33:396	135	12529.8	(93)	11303.5	(77)	10016.3	(13)	8725.98	(152)	7448.84	(152)	6168.04	(160)	4886.4	(156)	3632.46	(24)	2426.58	(24)	1205.58	(82)	0	(102)	
BB:9:15:33:546	135	12526.6	(157)	11289.3	(141)	9996.52	(141)	8709.2	(24)	7435.45	(24)	6160.48	(32)	4878.26	(220)	3633.68	(216)	2427.61	(216)	1205.58	(82)	0	(102)	
BB:9:15:33:652	135	12516.1	(77)	11283	(157)	9999.47	(29)	8718.18	(24)	7445.66	(24)	6156.65	(160)	4878.37	(156)	3633.83	(152)	2427.68	(152)	1205.58	(82)	0	(102)	
BB:9:15:48:576
BB:9:15:52:309
BB:9:15:52:522	137	12591.3	(96)	11320.9	(88)	10042.4	(69)	8788.32	(157)	7526.26	(25)	6261.43	(21)	4982.63	(20)	3684.56	(152)	2409.24	(152)	1186.44	(152)	0	(152)	
BB:9:15:53:197	137	12529.2	(120)	11268.5	(85)	10004.5	(89)	8773.56	(149)	7522.9	(1)	6275.71	(24)	5011.67	(24)	3724.16	(152)	2448.24	(160)	1207.44	(160)	0	(152)	
BB:9:16:2:156
BB:9:16:7:617
BB:9:16:7:860	139	12426.7	(216)	11158.2	(156)	9916.52	(120)	8688.44	(85)	7473.62	(81)	6288.54	(145)	5075.26	(5)	3832.21	(24)	2550.11	(24)	1264.94	(160)	0	(160)	
BB:9:16:28:32
BB:9:16:31:760
BB:9:16:31:979	141	12500	(214)	11217	(214)	9952.72	(216)	8670.35	(204)	7409.96	(88)	6176.83	(85)	4959.36	(89)	3741.96	(133)	2512.92	(1)	1276.08	(24)	0	(24)	
BB:9:16:32:113	141	12479	(214)	11196	(214)	9931.72	(216)	8649.35	(204)	7388.96	(88)	6155.83	(85)	4947.36	(89)	3741.96	(149)	2512.92	(1)	1276.08	(8)	0	(24)	
BB:9:16:32:221	141	12466.2	(214)	11195.7	(214)	9925.19	(220)	8641.57	(204)	7379.82	(88)	6153.66	(88)	4931.04	(81)	3725.82	(145)	2507.52	(5)	1281.66	(5)	0	(24)	
BB:9:16:35:518	141	12436	(214)	11165.6	(214)	9913.96	(216)	8638.09	(204)	7387.38	(92)	6163.86	(88)	4949.64	(85)	3746.82	(149)	2525.52	(1)	1290.66	(1)	0	(24)	
BB:9:16:45:110
BB:9:16:48:821
BB:9:16:49:15	143	12458.4	(22)	11207.9	(22)	9970.04	(214)	8690.89	(198)	7415.82	(224)	6144.83	(224)	4888.24	(256)	3647.94	(88)	2429.04	(85)	1228.26	(85)	0	(1)	
BB:9:16:53:257
BB:9:17:4:167
BB:9:17:4:413	145	12742	(213)	11386	(216)	10081.8	(248)	8781.47	(246)	7521.07	(214)	6265.96	(22)	4993.56	(26)	3699	(172)	2445.42	(168)	1214.82	(88)	0	(85)	
BB:9:17:4:766	145	12737.3	(213)	11392.8	(216)	10087.8	(216)	8787.47	(214)	7532.6	(230)	6274.26	(38)	4998.96	(26)	3717.96	(156)	2460.66	(152)	1223.82	(72)	0	(85)	
BB:9:17:5:107	145	12467.7	(153)	11165.6	(152)	9903.53	(24)	8661.06	(6)	7459.33	(214)	6245.66	(214)	4993.54	(214)	3705.59	(256)	2460.9	(256)	1226.58	(96)	0	(85)	
BB:9:17:13:598	145	12421.1	(21)	11103.6	(8)	9856.33	(40)	8613.43	(226)	7425.84	(214)	6237.22	(214)	4993.2	(214)	3705.27	(252)	2464.98	(252)	1229.34	(120)	0	(85)	
BB:9:17:48:998
BB:9:17:52:820
BB:9:17:53:70	147	12701.4	(158)	11361.7	(160)	10026	(5)	8701.96	(37)	7421.99	(36)	6179.46	(228)	4984.6	(214)	3780.38	(214)	2527.5	(214)	1237.02	(252)	0	(252)	
BB:9:17:53:306	147	12684.2	(158)	11341.7	(156)	10005.7	(5)	8681.26	(37)	7412.93	(36)	6182.04	(228)	4987.12	(214)	3782.84	(214)	2529.9	(214)	1238.22	(256)	0	(252)	
BB:9:18:24:192
BB:9:18:27:904
BB:9:18:28:81	149	12915.2	(222)	11525.7	(224)	10170.2	(160)	8824.78	(153)	7490.11	(5)	6156.04	(40)	4894.3	(36)	3659.57	(226)	2466.54	(214)	1257.96	(214)	0	(214)	
BB:9:18:28:195	149	12879.2	(222)	11495.7	(224)	10146.2	(160)	8806.78	(153)	7478.11	(5)	6150.04	(40)	4909.3	(40)	3683.57	(230)	2487.54	(210)	1269.96	(210)	0	(214)	
BB:9:18:29:175	149	12867.2	(222)	11483.7	(224)	10134.2	(160)	8794.78	(153)	7466.11	(5)	6138.04	(40)	4891.3	(40)	3659.57	(226)	2469.54	(210)	1257.96	(214)	0	(214)	
BB:9:18:30:646
BB:9:18:43:287
BB:9:18:43:524	151	13374.4	(96)	11926.7	(32)	10532.9	(221)	9148.7	(224)	7790.51	(256)	6426.24	(5)	5087.48	(5)	3724.61	(39)	2439.07	(228)	1203.54	(226)	0	(210)	
BB:9:18:43:776	151	13302.3	(26)	11868.1	(26)	10471	(198)	9097.19	(136)	7753.34	(184)	6393.95	(53)	5057.53	(53)	3714.1	(55)	2439.07	(244)	1203.54	(242)	0	(210)	
BB:9:18:44:841	151	13282	(218)	11841.9	(218)	10446.1	(198)	9075.77	(200)	7725.06	(248)	6372.6	(181)	5041.9	(181)	3710.06	(55)	2455.5	(52)	1215	(50)	0	(210)	
BB:9:18:45:335	151	13239	(26)	11820	(26)	10438.1	(198)	9079.49	(136)	7736.58	(184)	6378.12	(53)	5046.34	(53)	3717.26	(55)	2453.58	(116)	1215	(114)	0	(210)	
BB:9:18:48:180	151	13235.6	(213)	11815.5	(216)	10434.2	(196)	9062.93	(130)	7719.26	(186)	6370.78	(60)	5037.09	(56)	3706.76	(53)	2444.83	(245)	1203.54	(242)	0	(210)	
BB:9:18:49:463	151	13055.2	(32)	11663.4	(32)	10310.2	(208)	8980.7	(208)	7673.18	(253)	6347.19	(256)	5021.21	(256)	3690.72	(53)	2452.26	(53)	1215	(54)	0	(210)	
BB:9:18:50:550	151	12997.4	(32)	11627.9	(32)	10291.9	(208)	8984.97	(206)	7691.1	(254)	6358.73	(256)	5024.45	(56)	3709.74	(53)	2456.22	(53)	1203.54	(242)	0	(210)	
BB:9:19:14:147
BB:9:19:17:769
BB:9:19:18:6	153	13564.8	(136)	12124.6	(152)	10705.8	(32)	9329.72	(32)	7984.23	(224)	6655.03	(206)	5342.53	(254)	3983.15	(256)	2615.21	(56)	1266.6	(53)	0	(53)	
BB:9:19:31:177
BB:9:19:34:888
BB:9:19:35:144	155	13893.6	(68)	12361.7	(76)	10856.8	(156)	9409.85	(160)	7978.43	(32)	6605.56	(32)	5266.79	(208)	3969.78	(208)	2675.1	(253)	1325.46	(256)	0	(56)	
BB:9:19:35:884	155	13835.4	(68)	12316.9	(76)	10825.2	(156)	9391.61	(160)	7973.51	(32)	6608.44	(32)	5270.99	(205)	3975.84	(208)	2683.5	(256)	1329.66	(253)	0	(56)	
BB:9:19:37:60	155	13792.9	(68)	12285.4	(92)	10826.5	(156)	9405.41	(160)	7988.15	(32)	6616.54	(29)	5279.15	(205)	3981.96	(208)	2687.58	(256)	1331.7	(254)	0	(56)	
BB:9:20:23:373
BB:9:20:27:120
BB:9:20:27:322	157	14358.8	(100)	12684.5	(112)	11079	(80)	9558.88	(76)	8075.44	(156)	6648.54	(160)	5239.08	(32)	3886.37	(32)	2562.05	(208)	1275.48	(208)	0	(256)	
BB:9:20:27:439	157	14119.3	(164)	12454.6	(132)	10916.8	(72)	9450.72	(72)	7990.38	(96)	6578.28	(96)	5185.08	(32)	3850.37	(32)	2550.05	(224)	1275.48	(224)	0	(256)	
BB:9:20:27:764	157	14061.4	(164)	12408.6	(132)	10882.8	(72)	9428.76	(72)	7980.42	(96)	6580.32	(96)	5199.12	(32)	3876.41	(32)	2577.29	(224)	1291.44	(222)	0	(256)	
BB:9:20:28:662	157	14044	(164)	12391.3	(132)	10865.5	(72)	9411.42	(72)	7963.08	(96)	6562.98	(96)	5181.78	(32)	3853.55	(32)	2551.37	(222)	1275.48	(224)	0	(256)	
BB:9:20:32:225
BB:9:20:42:568
BB:9:20:42:811	159	15174.6	(53)	13368.4	(114)	11656.4	(113)	10003.8	(121)	8428.38	(89)	6935.67	(152)	5492.04	(136)	4077.48	(8)	2678.1	(16)	1318.08	(224)	0	(222)	
BB:9:20:43:74	159	15051.4	(20)	13199.9	(52)	11467.4	(52)	9812.66	(52)	8256.08	(140)	6808.64	(132)	5401.69	(72)	4033.27	(88)	2667.12	(96)	1318.74	(96)	0	(222)	
BB:9:20:43:598	159	15000.8	(20)	13163.4	(52)	11444.9	(52)	9804.2	(52)	8261.66	(140)	6828.26	(132)	5430.37	(72)	4058.23	(88)	2686.14	(96)	1326.3	(93)	0	(222)	
BB:9:20:46:629	159	14851.4	(9)	13113.8	(9)	11396.3	(137)	9769.19	(180)	8262.02	(180)	6801.27	(120)	5425.96	(120)	4061.15	(120)	2676.42	(128)	1318.74	(96)	0	(222)	
BB:9:21:1:407
BB:9:21:5:134
BB:9:21:5:290	161	15889.9	(109)	13983	(46)	12143.8	(46)	10387.6	(110)	8694.06	(106)	7056.56	(121)	5537.51	(49)	4121.01	(52)	2721.63	(120)	1367.8	(128)	0	(128)	
BB:9:21:5:388	161	15565.4	(93)	13780.8	(94)	12021.7	(14)	10294.2	(14)	8599.34	(2)	7007.06	(185)	5516.57	(185)	4096.8	(180)	2721.39	(116)	1373.56	(120)	0	(128)	
BB:9:21:6:472	161	15519.3	(221)	13722.7	(206)	11979.4	(206)	10269.7	(206)	8604.84	(194)	7036.16	(249)	5548.19	(249)	4122.3	(244)	2733.87	(244)	1373.56	(120)	0	(128)	
BB:9:21:8:605
BB:9:21:20:482
BB:9:21:20:722	163	16238.6	(94)	14513.5	(94)	12791.2	(29)	11079.2	(14)	9347.84	(14)	7600.19	(201)	5925.5	(201)	4326.57	(252)	2817.96	(244)	1388.11	(244)	0	(244)	
BB:9:21:20:853	163	16192.2	(86)	14445.8	(93)	12694.6	(26)	10926.7	(10)	9182.6	(1)	7454.04	(197)	5816.34	(198)	4273.68	(246)	2817.57	(242)	1393.57	(241)	0	(244)	
BB:9:21:21:770	163	16020.1	(86)	14329.5	(81)	12627	(21)	10886.2	(6)	9153.38	(10)	7469.48	(202)	5840.61	(202)	4271.17	(241)	2825.49	(241)	1399.75	(246)	0	(244)	
BB:9:21:26:401	163	15886.4	(81)	14188.5	(81)	12504	(26)	10814.4	(10)	9108.18	(10)	7393.68	(206)	5796.19	(205)	4277.52	(253)	2819.13	(254)	1393.57	(241)	0	(244)	
BB:9:22:1:74
BB:9:22:4:907
BB:9:22:5:97	165	16975.6	(2)	15209.9	(1)	13507.4	(2)	11733.7	(1)	9907.32	(202)	8083.74	(250)	6291.11	(250)	4543.09	(253)	2931.78	(253)	1440.34	(254)	0	(254)	
BB:9:22:5:205	165	16910.9	(28)	15113.7	(23)	13328.4	(22)	11527.1	(1)	9755.65	(193)	7990.08	(198)	6269.13	(197)	4568.45	(198)	2952.6	(242)	1446.6	(242)	0	(254)	
BB:9:22:5:275	165	16893.3	(24)	15100.4	(23)	13316	(18)	11518.5	(1)	9749.32	(197)	7986.92	(198)	6272.62	(194)	4568.87	(193)	2956.88	(246)	1446.6	(246)	0	(254)	
BB:9:22:5:396	165	16398.3	(66)	14676.8	(18)	12979.2	(17)	11295.4	(26)	9606.01	(26)	7878.08	(218)	6176.61	(205)	4526.07	(205)	2951.81	(206)	1454.46	(206)	0	(254)	
BB:9:22:8:55
BB:9:22:20:269
BB:9:22:20:485	167	16760.1	(72)	14971	(66)	13290.9	(18)	11647.6	(18)	10002.7	(18)	8316.22	(26)	6615	(218)	4888.81	(202)	3193.44	(205)	1561.42	(205)	0	(206)	
BB:9:22:20:593	167	16724.3	(65)	14973	(66)	13271.4	(18)	11595.1	(18)	9935.18	(26)	8262.3	(26)	6556.37	(218)	4831.93	(205)	3197.87	(205)	1566.76	(206)	0	(206)	
BB:9:22:20:693	167	16573.2	(120)	14799.1	(82)	13115.5	(82)	11454.8	(82)	9812.59	(18)	8160.23	(154)	6520.56	(154)	4841.41	(10)	3187.32	(13)	1566.88	(13)	0	(206)	
BB:9:22:21:735	167	16437	(104)	14691.7	(108)	12956	(44)	11229.8	(28)	9549.58	(148)	7946.67	(150)	6374.82	(150)	4760.85	(21)	3196.42	(5)	1578.16	(6)	0	(206)	
BB:9:22:21:833	167	16347.2	(44)	14631.5	(44)	12924.6	(44)	11204.3	(148)	9538.84	(148)	7908.43	(82)	6351.64	(86)	4775.32	(85)	3196.42	(69)	1578.16	(70)	0	(206)	
BB:9:22:25:101	167	16193.2	(232)	14486.6	(236)	12801	(172)	11109.5	(156)	9469.02	(82)	7895.34	(81)	6354.55	(81)	4784.62	(22)	3208.12	(6)	1578.16	(6)	0	(206)	
BB:9:22:25:165	167	16137	(104)	14445	(108)	12764.8	(44)	11075.4	(156)	9493.86	(146)	7910.46	(17)	6352.15	(17)	4789.42	(22)	3208.12	(70)	1578.16	(70)	0	(206)	
BB:9:22:40:351
BB:9:22:44:73
BB:9:22:44:211	169	16134.1	(214)	14426.5	(245)	12718	(248)	11044.9	(192)	9408.46	(140)	7768.05	(28)	6149.23	(17)	4566.89	(17)	3049.02	(17)	1529.28	(86)	0	(70)	
BB:9:22:44:300	169	15986.6	(214)	14310.6	(246)	12631.3	(246)	10963.8	(190)	9327.56	(137)	7707.14	(28)	6126.27	(20)	4560.62	(20)	3043.02	(17)	1532.28	(85)	0	(70)	
BB:9:22:46:341
BB:9:22:59:396
BB:9:22:59:567	171	16061	(214)	14386.1	(214)	12726.6	(193)	11088.9	(225)	9444.67	(240)	7830.64	(172)	6237.76	(156)	4625.63	(28)	3049.02	(18)	1507.56	(18)	0	(17)	
BB:9:22:59:700	171	15842.6	(216)	14195	(216)	12560.2	(194)	10959.2	(226)	9354.31	(238)	7743.8	(170)	6149.85	(156)	4580.99	(28)	3057.06	(20)	1516.32	(20)	0	(17)	
BB:9:23:0:336	171	15788.9	(220)	14125.6	(196)	12498.8	(226)	10919.1	(226)	9333.37	(226)	7718.75	(174)	6115.81	(160)	4556.56	(32)	3063.18	(32)	1527.72	(32)	0	(17)	
BB:9:23:6:858
BB:9:23:14:727
BB:9:23:14:976	173	16647.7	(210)	14944.4	(218)	13264.5	(218)	11609.5	(214)	9974.57	(213)	8259.89	(213)	6537.88	(256)	4858.52	(256)	3193.64	(256)	1553.57	(32)	0	(32)	
BB:9:23:20:974	173	16630.7	(212)	14889	(220)	13177.6	(220)	11506.8	(216)	9873.19	(213)	8184.3	(213)	6484.86	(254)	4836.77	(254)	3194.8	(254)	1556.09	(224)	0	(32)	
BB:9:23:21:81	173	16605	(84)	14890.3	(28)	13192.5	(28)	11514.1	(24)	9872.82	(213)	8184.23	(213)	6484.91	(238)	4836.81	(238)	3194.82	(238)	1556.09	(224)	0	(32)	
BB:9:23:57:316
BB:9:24:1:39
BB:9:24:1:262	175	16834	(173)	15097.3	(112)	13398	(96)	11719.1	(92)	10062.4	(88)	8412.66	(88)	6772.74	(216)	5083.74	(214)	3364.38	(238)	1669.74	(238)	0	(238)	
BB:9:24:1:429	175	16789.6	(173)	15058.3	(112)	13368.6	(96)	11713.6	(92)	10074.7	(88)	8424.9	(88)	6784.86	(216)	5095.74	(214)	3370.38	(254)	1669.74	(254)	0	(238)	
BB:9:24:6:782
BB:9:24:16:254
BB:9:24:16:503	177	17122.9	(165)	15446.2	(165)	13741.8	(101)	11998.8	(104)	10267.4	(88)	8563.46	(92)	6864.7	(92)	5154.72	(20)	3462.72	(212)	1738.5	(210)	0	(254)	
BB:9:24:16:621	177	17011.4	(161)	15331.5	(161)	13626.7	(97)	11873.6	(100)	10157.6	(92)	8485.56	(92)	6809.14	(88)	5125.32	(24)	3450.72	(216)	1738.5	(214)	0	(254)	
BB:9:24:16:956	177	17004.1	(161)	15303.5	(161)	13592.8	(100)	11850.6	(100)	10142	(92)	8475.3	(92)	6804.29	(88)	5125.74	(24)	3448.38	(213)	1741.5	(213)	0	(254)	
BB:9:24:20:210	177	16936.2	(161)	15218.3	(161)	13501.2	(164)	11737.8	(100)	10028.5	(92)	8382.06	(92)	6749.45	(88)	5115.18	(88)	3452.1	(85)	1741.5	(213)	0	(254)	
BB:9:24:33:495
BB:9:24:37:214
BB:9:24:37:366	179	16978.3	(26)	15254.4	(22)	13520.7	(166)	11820.8	(166)	10114.6	(161)	8351.76	(100)	6636.66	(84)	4980.18	(84)	3338.82	(88)	1687.68	(88)	0	(85)	
BB:9:24:39:456
BB:9:24:52:506
BB:9:24:52:687	181	16962.9	(204)	15237.9	(156)	13531.6	(24)	11823.6	(22)	10117.9	(38)	8446.92	(162)	6771.12	(162)	5018.34	(100)	3300.96	(84)	1641.24	(88)	0	(88)	
BB:9:24:59:60
BB:9:25:7:895
BB:9:25:8:137	183	17050.7	(253)	15331.7	(253)	13593.6	(256)	11882.8	(24)	10204.9	(24)	8517.29	(22)	6806.78	(162)	5147.64	(162)	3471.96	(162)	1719.3	(100)	0	(84)	
BB:9:25:8:275	183	16809.1	(101)	15125.8	(81)	13440.2	(84)	11791.4	(24)	10153.4	(56)	8486.93	(54)	6797.48	(178)	5147.76	(178)	3471.96	(178)	1719.3	(116)	0	(84)	
BB:9:25:14:614	183	16804.1	(225)	15106.7	(81)	13421.6	(88)	11771.6	(88)	10126.4	(56)	8461.39	(54)	6780.84	(50)	5123.45	(178)	3461.7	(178)	1721.82	(180)	0	(84)	
BB:9:25:14:779	183	16791.9	(229)	15083.3	(216)	13393.6	(216)	11756.2	(216)	10132.8	(248)	8471.98	(246)	6781.4	(242)	5128.32	(242)	3464.4	(242)	1723.02	(114)	0	(84)	
BB:9:25:15:749	183	16746	(225)	15049.6	(209)	13366.3	(216)	11737.9	(216)	10123.5	(248)	8475.34	(246)	6797.48	(242)	5147.76	(242)	3471.96	(242)	1719.3	(116)	0	(84)	
BB:9:25:45:595
BB:9:25:49:293
BB:9:25:49:443	185	16486.6	(230)	14786.6	(230)	13120.5	(229)	11458.3	(209)	9807.34	(216)	8211.29	(216)	6616.02	(248)	4981.8	(242)	3328.44	(242)	1687.32	(242)	0	(242)	
BB:9:25:51:455
BB:9:26:4:650
BB:9:26:4:842	187	16764.8	(202)	14967.6	(230)	13231.4	(230)	11514.4	(230)	9826.52	(225)	8152.43	(209)	6492.14	(216)	4886.34	(216)	3289.2	(248)	1658.04	(246)	0	(242)	
BB:9:26:4:942	187	16530.9	(198)	14782.9	(238)	13096.9	(237)	11420.3	(237)	9767.68	(237)	8131.8	(224)	6493.1	(224)	4891.14	(220)	3295.2	(252)	1658.04	(250)	0	(242)	
BB:9:26:5:32	187	16382.5	(200)	14671	(232)	13013.2	(232)	11345.7	(232)	9681.85	(240)	8050.61	(224)	6447.2	(224)	4880.16	(224)	3295.2	(256)	1658.04	(254)	0	(242)	
BB:9:26:6:707	187	16341.4	(200)	14647.7	(232)	13007.7	(232)	11357.9	(232)	9702.59	(240)	8071.1	(224)	6467.46	(224)	4889.94	(224)	3295.44	(254)	1658.04	(254)	0	(242)	
BB:9:26:10:426
BB:9:26:19:923
BB:9:26:20:88	189	16466.8	(1)	14741.2	(200)	13026.7	(200)	11339.6	(232)	9712.53	(232)	8065.32	(232)	6419.7	(240)	4791.36	(224)	3178.86	(224)	1597.74	(224)	0	(254)	
BB:9:26:20:302	189	16024.5	(177)	14421.8	(136)	12786.9	(136)	11151.2	(104)	9583.68	(104)	8000.27	(104)	6391.62	(112)	4794.66	(32)	3206.82	(32)	1617.18	(32)	0	(254)	
BB:9:26:20:371	189	15935.4	(49)	14325.4	(136)	12724.5	(136)	11115.1	(168)	9549.95	(40)	7972.01	(40)	6372.78	(48)	4785.24	(96)	3206.82	(96)	1617.18	(96)	0	(254)	
BB:9:26:21:405	189	15934.7	(129)	14332.8	(132)	12708.5	(72)	11118.9	(104)	9574.08	(104)	7983.77	(104)	6380.22	(48)	4794.18	(32)	3191.94	(32)	1597.74	(224)	0	(254)	
BB:9:26:21:466	189	15927.4	(129)	14316.2	(132)	12682.7	(72)	11083.8	(40)	9547.8	(40)	7966.25	(40)	6371.46	(112)	4794.18	(96)	3191.94	(96)	1597.74	(224)	0	(254)	
BB:9:26:22:589
BB:9:26:35:329
BB:9:26:35:524	191	16006.7	(57)	14427.7	(177)	12793.8	(129)	11170.2	(132)	9531.7	(8)	7927.02	(40)	6377.73	(40)	4783.86	(40)	3175.86	(112)	1587.9	(96)	0	(96)	
BB:9:26:36:72	191	15955.1	(58)	14379.7	(186)	12778.2	(129)	11186	(129)	9538.94	(1)	7901.58	(40)	6338.93	(40)	4765.56	(40)	3200.22	(104)	1608.9	(88)	0	(96)	
BB:9:26:36:410	191	15920	(186)	14371.5	(186)	12764.8	(133)	11172.2	(69)	9543.77	(65)	7924.8	(100)	6350.93	(100)	4777.56	(40)	3224.22	(40)	1620.9	(24)	0	(96)	
BB:9:26:37:625	191	15729	(58)	14169.5	(185)	12579.2	(129)	11013.6	(130)	9426.97	(2)	7860.9	(38)	6344.64	(38)	4791.9	(37)	3192.42	(101)	1587.9	(96)	0	(96)	
BB:9:26:37:684	191	15693	(58)	14138.3	(186)	12558.8	(130)	10993.8	(129)	9407.77	(1)	7841.25	(37)	6327.54	(38)	4789.35	(38)	3192.42	(102)	1587.9	(96)	0	(96)	
BB:9:26:37:752	191	15692.4	(6)	14142.6	(129)	12575.6	(177)	11001.3	(178)	9409.63	(50)	7857.6	(54)	6344.76	(54)	4791.9	(53)	3192.42	(117)	1587.9	(96)	0	(96)	
BB:9:26:37:810	191	15656.3	(6)	14111.4	(130)	12555.2	(178)	10981.5	(177)	9390.43	(49)	7837.95	(53)	6327.66	(54)	4789.35	(54)	3192.42	(118)	1587.9	(96)	0	(96)	
BB:9:26:44:671
BB:9:26:50:677
BB:9:26:50:834	193	15724.7	(204)	14180.7	(196)	12639.3	(136)	11087.1	(182)	9497.28	(178)	7909.08	(49)	6327.48	(49)	4743.3	(53)	3189.18	(118)	1620.54	(118)	0	(118)	
BB:9:26:50:918	193	15634.4	(12)	14121.3	(132)	12612.2	(136)	11038.9	(182)	9433.39	(114)	7853.48	(113)	6277.42	(113)	4710.77	(53)	3186.18	(54)	1623.54	(54)	0	(118)	
BB:9:26:52:733
BB:9:27:5:913
BB:9:27:6:83	195	15689.3	(28)	14186.7	(28)	12648.5	(140)	11089.7	(132)	9508.82	(134)	7898.35	(118)	6271.25	(113)	4676.28	(113)	3092.88	(49)	1529.04	(53)	0	(54)	
BB:9:27:6:801	195	15616.4	(92)	14124.8	(28)	12582.9	(12)	11011.1	(132)	9465.86	(134)	7879.27	(182)	6252.05	(113)	4665.48	(113)	3093.48	(113)	1529.04	(53)	0	(54)	
BB:9:27:6:996	195	15561.3	(72)	14041.1	(40)	12531.4	(40)	10980.7	(164)	9449.52	(162)	7868.85	(130)	6256.5	(73)	4677.72	(121)	3102.24	(121)	1529.04	(53)	0	(54)	
BB:9:27:7:109	195	15477.2	(76)	13986.1	(108)	12471.2	(108)	10913.4	(100)	9369.92	(38)	7818.07	(6)	6238.55	(129)	4680.12	(177)	3102.24	(177)	1529.04	(53)	0	(54)	
BB:9:27:7:172	195	15383.4	(76)	13923.8	(44)	12427.1	(44)	10868.6	(228)	9331.52	(230)	7797.01	(198)	6238.61	(193)	4680.12	(241)	3102.24	(241)	1529.04	(53)	0	(54)	
BB:9:27:7:433	195	15373.4	(72)	13892.2	(40)	12412.6	(40)	10867.6	(228)	9334.08	(226)	7790.55	(194)	6238.26	(201)	4692.36	(249)	3111	(249)	1529.04	(53)	0	(54)	
BB:9:27:9:983
BB:9:27:21:204
BB:9:27:21:371	197	15329.6	(77)	13818.1	(68)	12306.8	(40)	10846.2	(40)	9358.84	(40)	7792.61	(228)	6227.16	(194)	4672.08	(194)	3113.58	(201)	1576.56	(249)	0	(249)	
BB:9:27:22:338	197	15297.5	(80)	13784.6	(65)	12275.6	(37)	10809.7	(40)	9321	(40)	7779.53	(228)	6230.94	(196)	4674.6	(194)	3120.84	(202)	1576.56	(249)	0	(249)	
BB:9:27:24:176
BB:9:27:36:481
BB:9:27:36:712	199	15363.2	(256)	13871.1	(128)	12377.6	(77)	10878.3	(77)	9350.04	(69)	7822.78	(40)	6307.87	(40)	4759.1	(228)	3200.04	(228)	1592.82	(194)	0	(202)	
BB:9:27:42:20	199	15336.4	(160)	13870.3	(160)	12367.6	(157)	10830.5	(77)	9277.57	(69)	7760.81	(104)	6287.36	(104)	4779.18	(100)	3215.7	(100)	1592.82	(194)	0	(202)	
BB:9:28:5:781
BB:9:28:9:504
BB:9:28:9:699	201	15282.3	(62)	13796.5	(62)	12298.1	(190)	10781.9	(189)	9238.6	(133)	7685.96	(69)	6110.8	(72)	4576.31	(104)	3084.62	(100)	1570.32	(100)	0	(100)	
BB:9:28:10:769	201	15222.1	(64)	13731.4	(64)	12220.9	(192)	10728	(189)	9215.32	(141)	7672.28	(77)	6097	(72)	4569.11	(104)	3087.02	(104)	1570.32	(100)	0	(100)	
BB:9:28:10:903	201	15056.9	(14)	13618	(46)	12183.7	(174)	10718.9	(173)	9208.15	(149)	7666.76	(85)	6114.28	(88)	4611.83	(88)	3103.82	(84)	1570.32	(100)	0	(100)	
BB:9:28:11:12	201	15027.2	(64)	13569.4	(48)	12123.6	(176)	10672.1	(173)	9184.87	(157)	7653.08	(93)	6100.48	(88)	4604.63	(88)	3106.22	(88)	1570.32	(100)	0	(100)	
BB:9:28:12:2
BB:9:28:24:981
BB:9:28:25:172	203	14993.8	(248)	13539.3	(56)	12051.8	(64)	10564.3	(48)	9079.95	(173)	7614.41	(173)	6112.9	(157)	4566.45	(96)	3011.84	(88)	1513.32	(88)	0	(88)	
BB:9:28:29:357
BB:9:28:40:340
BB:9:28:40:594	205	14858.3	(248)	13380.2	(248)	11924.5	(200)	10473.4	(16)	8991.93	(16)	7495.36	(48)	6028.44	(173)	4585.52	(173)	3079.19	(157)	1537.5	(88)	0	(88)	
BB:9:29:2:756	205	14784.8	(248)	13272.9	(248)	11817.8	(248)	10389.9	(248)	8962.97	(256)	7517.6	(256)	6023.02	(256)	4550.36	(253)	3075.54	(253)	1548.95	(125)	0	(88)	
BB:9:29:2:893	205	14774.2	(248)	13267.6	(248)	11817.9	(248)	10395.3	(248)	8966.98	(256)	7514.88	(256)	6016.3	(253)	4550.36	(253)	3076.98	(253)	1547.51	(128)	0	(88)	
BB:9:29:3:380	205	14667.5	(208)	13204.5	(208)	11764.2	(208)	10341.8	(256)	8922.57	(256)	7477.95	(256)	6011.21	(256)	4557.98	(253)	3080.55	(253)	1543.43	(93)	0	(88)	
BB:9:29:3:722	205	14663.9	(208)	13203	(208)	11766.1	(208)	10347.2	(256)	8926.58	(256)	7475.23	(256)	6004.49	(253)	4557.98	(253)	3081.99	(253)	1541.99	(96)	0	(88)	
BB:9:30:1:138
BB:9:30:4:860
BB:9:30:5:47	207	14913.2	(226)	13389.3	(237)	11863.7	(205)	10372.3	(208)	8911.85	(208)	7469.18	(256)	6003.42	(256)	4495.1	(256)	2977.64	(253)	1497.89	(253)	0	(253)	
BB:9:30:6:322	207	14855.7	(240)	13384.5	(240)	11875.5	(208)	10386.7	(193)	8937.09	(193)	7497.06	(245)	6028.17	(246)	4517.69	(246)	2989.59	(246)	1497.89	(253)	0	(253)	
BB:9:30:9:220
BB:9:30:20:103
BB:9:30:20:361	209	14743.3	(14)	13343.3	(14)	11914.3	(16)	10416	(208)	8877.15	(256)	7344.09	(241)	5888.19	(241)	4466.58	(245)	3020.29	(246)	1525.82	(246)	0	(246)	
BB:9:30:24:740	209	14645	(256)	13202.8	(64)	11778.1	(13)	10328.1	(13)	8847.36	(45)	7365.78	(228)	5925.25	(228)	4497.46	(200)	3045.09	(200)	1525.82	(246)	0	(246)	
BB:9:30:24:803	209	14605.8	(256)	13177.2	(16)	11773.5	(13)	10328.1	(13)	8847.36	(45)	7365.78	(228)	5925.25	(228)	4497.46	(216)	3045.09	(216)	1525.82	(246)	0	(246)	
BB:9:30:36:946
BB:9:30:40:668
BB:9:30:40:890	211	14551.3	(148)	13123	(160)	11674.1	(144)	10237.3	(16)	8786.2	(13)	7308.07	(45)	5818.97	(45)	4327.88	(236)	2866.21	(216)	1443.96	(216)	0	(216)	
BB:9:30:41:51	211	14445.1	(68)	13057.7	(100)	11646.8	(112)	10236.2	(48)	8800.33	(29)	7329.43	(29)	5829.37	(29)	4331.6	(204)	2875.21	(200)	1452.96	(200)	0	(216)	
BB:9:30:41:915	211	14254.9	(52)	12899.8	(244)	11533	(256)	10160.5	(256)	8756.39	(93)	7312.86	(93)	5843.06	(93)	4366.62	(12)	2909.77	(8)	1471.02	(8)	0	(216)	
BB:9:30:43:868	211	14227.4	(81)	12840.4	(82)	11403.6	(82)	9992.84	(174)	8608.15	(173)	7184.5	(173)	5752.54	(13)	4322.87	(16)	2877.55	(16)	1443.96	(216)	0	(216)	
BB:9:30:44:689	211	14081.4	(128)	12728.3	(128)	11357.2	(128)	9987.67	(128)	8607.5	(254)	7187.63	(256)	5757.28	(13)	4331.4	(9)	2882.82	(5)	1443.96	(216)	0	(216)	
BB:9:30:45:991	211	13989.5	(116)	12631.4	(116)	11240.8	(116)	9878.02	(128)	8531.28	(256)	7139	(256)	5732.03	(13)	4326.98	(13)	2887.2	(13)	1443.96	(216)	0	(216)	
BB:9:30:58:183
BB:9:31:1:905
BB:9:31:2:115	213	14152.9	(141)	12740.9	(140)	11301.7	(116)	9912.17	(116)	8506.18	(116)	7132.69	(128)	5760.46	(256)	4334.58	(256)	2897.58	(13)	1468.27	(13)	0	(13)	
BB:9:31:4:925
BB:9:31:17:114
BB:9:31:17:349	215	14320.1	(208)	12912.4	(208)	11480.9	(256)	10039	(124)	8599.02	(116)	7199.59	(116)	5751.67	(116)	4307.63	(256)	2876.11	(256)	1434.85	(256)	0	(13)	
BB:9:31:17:579	215	14282.9	(208)	12880	(208)	11453.2	(256)	10016.1	(124)	8580.81	(116)	7186.13	(116)	5742.96	(116)	4303.27	(192)	2876.11	(192)	1434.85	(192)	0	(13)	
BB:9:31:17:929	215	14178.8	(208)	12790.5	(208)	11378.4	(256)	9955.84	(124)	8535.27	(116)	7155.26	(116)	5726.76	(116)	4301.84	(192)	2883.19	(192)	1435.69	(190)	0	(13)	
BB:9:31:18:401	215	14130.3	(205)	12718.7	(9)	11336	(56)	9962.6	(120)	8547.63	(120)	7162.54	(116)	5753.39	(116)	4327.34	(192)	2896.36	(160)	1439.89	(158)	0	(13)	
BB:9:31:25:455	215	14115	(205)	12722.1	(13)	11316.3	(60)	9918.18	(184)	8529.86	(184)	7164.68	(180)	5759.65	(116)	4343.11	(128)	2897.5	(126)	1435.69	(254)	0	(13)	
BB:9:31:28:23	215	14077.2	(205)	12702.4	(205)	11296.4	(60)	9899.16	(56)	8502.28	(184)	7152.48	(180)	5761.26	(180)	4338.8	(128)	2904.46	(126)	1444.93	(126)	0	(13)	
BB:9:31:53:195
BB:9:31:56:926
BB:9:31:57:158	217	13476.9	(240)	12185.9	(240)	10884.7	(224)	9556.42	(224)	8220.58	(32)	6852.52	(28)	5469.15	(180)	4145.18	(180)	2770.09	(180)	1385.15	(128)	0	(126)	
BB:9:31:57:350	217	13202.7	(238)	11994	(238)	10762.7	(222)	9487.56	(221)	8183.43	(29)	6827.9	(28)	5447.03	(184)	4124.62	(184)	2762.93	(180)	1390.93	(116)	0	(126)	
BB:9:31:59:755	217	13202.5	(46)	11992.7	(46)	10735.7	(222)	9442.14	(217)	8144.66	(209)	6808.7	(212)	5441.09	(244)	4112.62	(248)	2756.93	(248)	1390.93	(120)	0	(126)	
BB:9:31:59:814	217	13170.2	(46)	11946.9	(46)	10686.8	(222)	9408.68	(221)	8130.62	(221)	6808.7	(220)	5447.09	(248)	4124.62	(248)	2762.93	(244)	1390.93	(116)	0	(126)	
BB:9:32:9:856
BB:9:32:13:583
BB:9:32:13:774	219	12628	(129)	11395.9	(45)	10225.3	(46)	9034.53	(46)	7802.91	(222)	6546.72	(221)	5286.74	(221)	3982.32	(220)	2633	(248)	1324.87	(248)	0	(244)	
BB:9:32:14:87	219	12589.4	(145)	11337.7	(93)	10132.3	(78)	8926.67	(78)	7721.21	(46)	6488.21	(45)	5231.75	(237)	3947.66	(220)	2644.44	(216)	1339.5	(216)	0	(244)	
BB:9:32:15:10	219	12567	(132)	11319.2	(110)	10134.8	(109)	8935.03	(109)	7722.96	(30)	6485.21	(30)	5239.44	(222)	3982.63	(217)	2645.3	(213)	1324.87	(248)	0	(244)	
BB:9:32:15:73	219	12561.3	(132)	11312.8	(109)	10127.6	(110)	8925.8	(109)	7712.29	(29)	6476.88	(29)	5226.89	(222)	3977.86	(218)	2645.3	(214)	1324.87	(248)	0	(244)	
BB:9:32:19:828
BB:9:32:28:871
BB:9:32:29:68	221	12128.7	(16)	10935.3	(132)	9768.9	(132)	8613.98	(164)	7463.84	(48)	6292.08	(48)	5079.38	(29)	3832.43	(221)	2588.34	(222)	1333.92	(218)	0	(214)	
BB:9:32:29:175	221	12120.7	(16)	10929.6	(144)	9759.8	(140)	8603.17	(164)	7453	(36)	6256.62	(48)	5030.42	(29)	3796.55	(221)	2576.34	(222)	1333.92	(222)	0	(214)	
BB:9:32:30:487	221	12114	(16)	10873.1	(256)	9677.62	(252)	8537.41	(244)	7404.91	(244)	6219.64	(256)	5003.33	(93)	3795.06	(93)	2583.96	(94)	1333.92	(222)	0	(214)	
BB:9:32:32:999
BB:9:32:44:222
BB:9:32:44:408	223	12060.7	(244)	10906.4	(244)	9732.7	(64)	8535.01	(16)	7293.52	(16)	6062.52	(169)	4869.74	(162)	3654.82	(161)	2430.16	(93)	1217.28	(93)	0	(94)	
BB:9:32:44:522	223	11975.8	(242)	10813.5	(242)	9613.59	(61)	8408.33	(13)	7181.43	(13)	5978.36	(172)	4814.95	(164)	3633.04	(164)	2434.36	(96)	1223.28	(96)	0	(94)	
BB:9:32:45:875	223	11949.9	(242)	10788.5	(242)	9593.8	(205)	8382.09	(13)	7168.91	(13)	5969.4	(44)	4798.51	(164)	3628.84	(164)	2436.04	(160)	1223.28	(96)	0	(94)	
BB:9:32:45:957	223	11926.5	(242)	10750.8	(50)	9558.35	(61)	8365.64	(141)	7175.49	(141)	5986.93	(172)	4809.65	(36)	3627.25	(36)	2437.36	(32)	1223.28	(96)	0	(94)	
BB:9:32:46:137	223	11900.2	(242)	10729.6	(50)	9542.91	(61)	8355.96	(141)	7174.07	(141)	5998.59	(172)	4834.57	(36)	3653.29	(36)	2442.94	(32)	1217.28	(93)	0	(94)	
BB:9:32:53:267
BB:9:32:59:498
BB:9:32:59:725	225	11917.4	(241)	10750.6	(113)	9576.29	(125)	8402.29	(128)	7210.13	(64)	5992.22	(136)	4805.12	(136)	3623.66	(168)	2444.36	(44)	1235.52	(36)	0	(32)	
BB:9:32:59:849	225	11906.8	(241)	10723	(114)	9569.67	(114)	8391.33	(114)	7190.68	(61)	5995.84	(141)	4805.58	(141)	3621.24	(172)	2443.5	(40)	1235.52	(40)	0	(32)	
BB:9:33:5:483	225	11896.1	(241)	10709.8	(242)	9521.39	(242)	8351.19	(254)	7185.67	(253)	5978.56	(205)	4769.83	(137)	3601.18	(168)	2447.34	(168)	1235.52	(36)	0	(32)	
BB:9:33:28:929
BB:9:33:32:663
BB:9:33:32:877	227	11980.8	(56)	10727.6	(248)	9503.31	(244)	8303.47	(242)	7127.22	(242)	5945.94	(242)	4755.95	(253)	3537.31	(205)	2322.86	(137)	1156.03	(168)	0	(168)	
BB:9:33:33:329	227	11942.9	(64)	10695.8	(256)	9491.54	(256)	8293.14	(256)	7102.87	(254)	5933.93	(254)	4747.99	(242)	3527.86	(193)	2323.82	(137)	1165.27	(165)	0	(168)	
BB:9:33:35:277	227	11902.5	(64)	10666.2	(252)	9459.44	(252)	8260.32	(242)	7084.33	(242)	5918.69	(242)	4736.03	(241)	3525.31	(205)	2322.86	(141)	1156.03	(168)	0	(168)	
BB:9:33:35:380	227	11852.2	(128)	10661.5	(64)	9449.12	(52)	8273.51	(50)	7105.57	(242)	5925.86	(242)	4740.04	(221)	3534.77	(221)	2322.86	(153)	1156.03	(168)	0	(168)	
BB:9:33:35:475	227	11782.3	(128)	10597.8	(64)	9405.29	(60)	8231.65	(50)	7063.98	(242)	5899.91	(242)	4720.18	(209)	3522.77	(221)	2322.86	(157)	1156.03	(168)	0	(168)	
BB:9:33:48:694
BB:9:33:52:420
BB:9:33:52:667	229	11942	(80)	10756.3	(80)	9566.81	(128)	8368.67	(64)	7151.46	(60)	5957.51	(50)	4778.92	(242)	3612.14	(242)	2425.53	(209)	1208.72	(221)	0	(157)	
BB:9:33:52:955	229	11797.9	(256)	10604.9	(256)	9442.45	(256)	8292.06	(256)	7123.62	(252)	5958.14	(242)	4790.94	(242)	3612.05	(114)	2421.39	(81)	1210.26	(93)	0	(157)	
BB:9:33:53:344	229	11770.2	(256)	10585.1	(256)	9434.6	(256)	8297.47	(256)	7135.16	(256)	5969.8	(242)	4802.71	(242)	3623.94	(114)	2433.4	(81)	1216.26	(89)	0	(157)	
BB:9:34:24:515
BB:9:34:28:228
BB:9:34:28:493	231	12214.4	(221)	10969.4	(221)	9725.02	(256)	8504.75	(256)	7275.89	(64)	6075.77	(64)	4858.74	(256)	3643.37	(242)	2429.08	(194)	1207.86	(66)	0	(81)	
BB:9:34:28:662	231	12092	(224)	10799	(224)	9546.08	(208)	8353.43	(208)	7189.69	(256)	6022.36	(256)	4815.76	(256)	3615.64	(242)	2422.36	(242)	1208.82	(114)	0	(81)	
BB:9:35:14:620
BB:9:35:18:345
BB:9:35:18:567	233	12062.8	(50)	10805.8	(50)	9502.94	(253)	8237.7	(205)	7009.2	(208)	5841.52	(208)	4691.67	(256)	3537.85	(256)	2348.41	(256)	1168.68	(242)	0	(242)	
BB:9:35:28:626
BB:9:35:33:661
BB:9:35:33:853	235	11993.7	(56)	10808.3	(52)	9606.46	(20)	8359.79	(17)	7071.55	(221)	5811.79	(205)	4594.48	(208)	3445.28	(208)	2313.86	(256)	1171.76	(256)	0	(256)	
BB:9:35:36:163
BB:9:35:48:998
BB:9:35:49:182	237	11812.1	(245)	10697.2	(248)	9560.95	(56)	8405.76	(52)	7220.09	(20)	5968	(17)	4683.25	(221)	3454.26	(205)	2262.36	(208)	1123.5	(208)	0	(256)	
BB:9:35:49:286	237	11791.6	(245)	10679.1	(248)	9545.21	(56)	8392.38	(52)	7209.08	(4)	5959.36	(1)	4677.49	(205)	3451.38	(221)	2262.36	(224)	1123.5	(224)	0	(256)	
BB:9:35:49:439	237	11769.7	(248)	10676.7	(248)	9535.09	(53)	8377.53	(49)	7200.02	(17)	5971.37	(20)	4703.34	(224)	3468.3	(208)	2279.1	(206)	1134.54	(206)	0	(256)	
BB:9:35:49:599	237	11749.2	(248)	10658.6	(248)	9519.35	(53)	8364.15	(49)	7189.01	(1)	5962.73	(4)	4697.58	(208)	3465.42	(224)	2279.1	(222)	1134.54	(222)	0	(256)	
BB:9:35:49:747	237	11683.8	(53)	10550.3	(56)	9401.12	(248)	8245.19	(244)	7071.78	(212)	5880.62	(209)	4661.04	(221)	3458.7	(13)	2288.58	(16)	1141.62	(16)	0	(256)	
BB:9:35:50:156	237	11641.4	(56)	10529.7	(56)	9375.26	(245)	8216.96	(241)	7051.71	(209)	5884	(212)	4681.13	(224)	3472.74	(16)	2305.32	(14)	1152.66	(14)	0	(256)	
BB:9:35:52:486	237	11616.5	(56)	10508.9	(56)	9362.11	(245)	8209.81	(241)	7044.5	(209)	5869.58	(212)	4657.85	(32)	3472.92	(16)	2293.08	(14)	1134.54	(206)	0	(256)	
BB:9:35:53:463	237	11518	(62)	10414.2	(64)	9311.95	(256)	8173.44	(256)	6991.6	(200)	5820.17	(197)	4634.34	(5)	3489.78	(21)	2299.5	(24)	1123.5	(224)	0	(256)	
BB:9:35:54:790	237	11504	(64)	10408.2	(64)	9300.13	(256)	8173.34	(252)	7005.44	(216)	5834.16	(214)	4638.42	(22)	3491.1	(5)	2309.76	(5)	1123.5	(208)	0	(256)	
BB:9:35:55:35	237	11479.9	(61)	10375.3	(64)	9272.29	(256)	8139.05	(256)	6969.13	(200)	5816.52	(200)	4625.82	(6)	3486.3	(22)	2309.76	(22)	1123.5	(224)	0	(256)	
BB:9:35:56:461
BB:9:36:4:214
BB:9:36:4:381	239	11346.1	(253)	10307.5	(253)	9252.18	(125)	8146.44	(128)	6991.4	(96)	5836.88	(220)	4695.59	(200)	3573.52	(200)	2390.69	(6)	1222.2	(22)	0	(22)	
BB:9:36:7:793
BB:9:36:19:547
BB:9:36:19:720	241	11103.2	(208)	10013.3	(208)	8912.08	(256)	7815.77	(128)	6733.88	(128)	5648.51	(128)	4551.55	(256)	3419.74	(256)	2271.17	(200)	1156.8	(200)	0	(6)	
BB:9:36:21:875	241	11069.9	(4)	9955.05	(244)	8820.4	(256)	7722.9	(256)	6673.16	(256)	5634.11	(256)	4564.99	(256)	3445.97	(128)	2302.24	(80)	1158.24	(72)	0	(6)	
BB:9:36:23:21
BB:9:36:34:888
BB:9:36:35:106	243	10773.4	(193)	9775.93	(196)	8691.3	(256)	7570.1	(64)	6462.72	(64)	5383.54	(256)	4343	(256)	3310.52	(256)	2237	(256)	1130.34	(112)	0	(80)	
BB:9:36:35:225	243	10499.5	(225)	9579.03	(193)	8600.36	(196)	7510.76	(52)	6400.28	(64)	5322.02	(256)	4291.7	(256)	3274.52	(256)	2225	(256)	1130.34	(128)	0	(80)	
BB:9:36:36:399	243	10243	(256)	9369.26	(256)	8443.11	(196)	7472.15	(4)	6423.45	(52)	5344.8	(256)	4298	(253)	3278.96	(253)	2225.66	(253)	1130.34	(128)	0	(80)	
BB:9:36:40:6
BB:9:36:50:136
BB:9:36:50:294	245	9460.34	(128)	8704.97	(112)	7889.63	(208)	7035.79	(204)	6137.39	(196)	5161.44	(52)	4114.72	(52)	3050.89	(254)	2038.4	(254)	1038.31	(253)	0	(253)	
BB:9:36:51:275	245	9443.72	(80)	8681.39	(128)	7877.82	(256)	7018.77	(240)	6113.31	(208)	5142.8	(12)	4114.96	(52)	3082.12	(242)	2055.92	(242)	1038.31	(253)	0	(253)	
BB:9:36:52:375
BB:9:37:5:469
BB:9:37:5:684	247	9162.22	(212)	8425.47	(244)	7652.29	(128)	6831.14	(125)	5973.2	(173)	5075.49	(13)	4128.67	(16)	3121.66	(204)	2074.23	(244)	1037.53	(244)	0	(242)	
BB:9:37:5:782	247	9111.82	(256)	8353.89	(244)	7583.18	(128)	6786.28	(128)	5943.36	(176)	5059.8	(16)	4127.24	(16)	3131.02	(204)	2085.39	(244)	1038.79	(242)	0	(242)	
BB:9:37:8:80	247	9085.34	(256)	8321.88	(256)	7551.37	(128)	6772.31	(128)	5940.26	(192)	5058.06	(48)	4118.06	(32)	3126.29	(204)	2095.02	(196)	1038.79	(242)	0	(242)	
BB:9:37:12:768
BB:9:37:20:736
BB:9:37:20:957	249	8313.62	(64)	7688.62	(256)	7035.85	(256)	6326.62	(224)	5554.73	(77)	4746.08	(125)	3894.48	(184)	2997.01	(56)	2046.73	(40)	1047.02	(204)	0	(196)	
BB:9:37:36:635
BB:9:37:40:337
BB:9:37:40:567	251	7533.9	(244)	6956.01	(52)	6351.47	(64)	5713.26	(224)	5029.64	(224)	4304.91	(222)	3538.26	(80)	2715.12	(128)	1845.43	(184)	947.574	(56)	0	(40)	
BB:9:37:40:706	251	7526.23	(244)	6940.3	(244)	6339.45	(64)	5711.98	(64)	5027.16	(224)	4305.03	(222)	3540.6	(224)	2719.26	(192)	1852.39	(120)	951.354	(120)	0	(40)	
BB:9:37:40:838	251	7485.69	(180)	6891.23	(52)	6279.51	(48)	5639.51	(208)	4957.42	(208)	4248.21	(254)	3515.68	(128)	2726.27	(128)	1858.1	(152)	952.108	(24)	0	(40)	
BB:9:38:1:519
BB:9:38:5:138
BB:9:38:5:389	253	6848.38	(208)	6299.23	(244)	5729.99	(52)	5120.52	(52)	4494.14	(48)	3837.81	(208)	3144.66	(208)	2433.9	(256)	1682.58	(125)	880.38	(125)	0	(152)	
BB:9:38:5:506	253	6838.12	(208)	6290.91	(244)	5723.6	(52)	5116.29	(52)	4491.78	(48)	3848.33	(208)	3164.28	(208)	2444.7	(253)	1688.58	(125)	880.38	(126)	0	(152)	
BB:9:38:6:182	253	6821.32	(204)	6267.44	(196)	5688	(244)	5076.12	(244)	4448.83	(256)	3802.06	(256)	3135.06	(256)	2453.64	(256)	1707.78	(125)	886.38	(93)	0	(152)	
BB:9:38:6:279	253	6811.63	(204)	6259.53	(196)	5681.81	(244)	5071.9	(244)	4446.47	(256)	3812.58	(256)	3154.68	(256)	2464.44	(253)	1713.78	(125)	886.38	(94)	0	(152)	
BB:9:38:7:492	253	6803.08	(204)	6255.2	(196)	5681.76	(244)	5075.88	(244)	4454.59	(256)	3813.82	(256)	3150	(256)	2465.64	(128)	1719.78	(125)	892.38	(29)	0	(152)	
BB:9:38:7:580	253	6793.39	(204)	6247.29	(196)	5675.57	(244)	5071.66	(244)	4452.23	(256)	3824.34	(256)	3169.62	(256)	2476.44	(125)	1725.78	(125)	892.38	(30)	0	(152)	
BB:9:38:14:290	253	6787.39	(204)	6241.29	(196)	5669.57	(244)	5065.66	(244)	4446.23	(256)	3818.34	(256)	3163.62	(256)	2470.44	(125)	1719.78	(61)	886.38	(94)	0	(152)	
BB:9:38:23:826
BB:9:38:27:551
BB:9:38:27:708	255	6249.74	(32)	5754.4	(16)	5224.2	(204)	4657.28	(196)	4062.39	(244)	3440.19	(244)	2809.25	(256)	2157.84	(256)	1477.44	(256)	770.46	(125)	0	(61)	
BB:9:38:28:701	255	6229.93	(32)	5741.24	(16)	5217.74	(204)	4657.51	(196)	4069.32	(244)	3453.82	(244)	2824.79	(256)	2172.78	(256)	1485.24	(253)	770.46	(125)	0	(61)	
BB:9:38:31:220
BB:9:38:42:877
BB:9:38:43:32	257	5655.15	(128)	5212.68	(128)	4758.16	(48)	4277.71	(16)	3761.86	(208)	3198.19	(196)	2603.86	(244)	1983.47	(244)	1350.84	(256)	692.88	(256)	0	(253)	
BB:9:38:43:157	257	5564.51	(64)	5124.38	(256)	4665	(208)	4187.46	(256)	3686.94	(64)	3146.58	(52)	2576.58	(36)	1972.68	(68)	1352.04	(208)	695.28	(208)	0	(253)	
BB:9:38:44:456	257	5557.88	(64)	5118.53	(64)	4667.12	(48)	4195.8	(16)	3695.07	(208)	3149.4	(196)	2578.02	(52)	1979.28	(116)	1358.04	(256)	695.28	(208)	0	(253)	
BB:9:38:48:621
BB:9:38:57:999
BB:9:38:58:213	259	5438.56	(256)	4983.85	(64)	4510.1	(64)	4017.51	(48)	3505.93	(16)	2977.05	(16)	2429.5	(208)	1855.5	(208)	1262.22	(128)	640.44	(52)	0	(256)	
BB:9:38:58:424	259	5290.53	(256)	4871.71	(64)	4434.19	(64)	3976.99	(48)	3496.21	(16)	2984.28	(12)	2446.12	(196)	1872.15	(196)	1270.2	(116)	641.64	(64)	0	(256)	
BB:9:39:21:631
BB:9:39:25:247
BB:9:39:25:467	261	4907.39	(256)	4505.41	(256)	4094.85	(256)	3671.16	(64)	3229.08	(64)	2767.32	(48)	2280.48	(16)	1759.26	(12)	1206.66	(196)	618.24	(196)	0	(116)	
BB:9:39:37:715
BB:9:39:41:435
BB:9:39:41:647	263	4483.46	(256)	4098.74	(256)	3703.39	(256)	3297.52	(256)	2882.84	(256)	2459.58	(128)	2018.4	(128)	1557.54	(112)	1074.54	(80)	552.18	(76)	0	(196)	
BB:9:39:55:585
BB:9:39:59:312
BB:9:39:59:511	265	4067	(256)	3718.64	(64)	3355.37	(256)	2978.09	(256)	2590.22	(256)	2191.84	(256)	1784.72	(256)	1369.02	(128)	935.04	(128)	481.38	(112)	0	(80)	
BB:9:40:0:394	265	4062.07	(256)	3714.97	(64)	3352.96	(256)	2976.94	(256)	2590.33	(256)	2193.21	(256)	1787.94	(192)	1374.12	(192)	938.58	(144)	481.38	(112)	0	(80)	
BB:9:40:3:67
BB:9:40:14:621
BB:9:40:14:793	267	3689.84	(256)	3378.4	(64)	3052.05	(256)	2714.22	(64)	2361.47	(256)	1994.71	(256)	1617.41	(256)	1229.58	(256)	833.1	(192)	428.04	(192)	0	(144)	
BB:9:40:15:686	267	3679.93	(256)	3372.25	(256)	3053.11	(64)	2719.05	(256)	2371	(256)	2013.22	(256)	1645.59	(64)	1256.22	(256)	845.22	(208)	428.04	(192)	0	(144)	
BB:9:40:15:770	267	3611.11	(256)	3313.67	(256)	3005.61	(256)	2687.63	(64)	2360.24	(64)	2019.59	(208)	1652.22	(208)	1264.02	(256)	849.12	(244)	428.04	(192)	0	(144)	
BB:9:40:17:781
BB:9:40:29:769
BB:9:40:29:972	269	3287.6	(64)	3022.24	(256)	2743.92	(256)	2455.08	(256)	2156.17	(256)	1848.05	(64)	1528.01	(64)	1187.09	(208)	813.66	(208)	414.48	(244)	0	(244)	
BB:9:40:39:216
BB:9:40:45:115
BB:9:40:45:300	271	2918.48	(256)	2687.15	(64)	2440.91	(256)	2180.66	(256)	1909.82	(256)	1628.47	(256)	1338.38	(256)	1039.08	(256)	721.5	(64)	378.24	(16)	0	(208)	
BB:9:40:46:350	271	2913.55	(256)	2683.48	(64)	2438.5	(256)	2179.51	(256)	1909.93	(256)	1629.84	(256)	1341.6	(256)	1044.18	(256)	725.04	(16)	378.24	(16)	0	(208)	
BB:9:40:48:768
BB:9:41:0:331
BB:9:41:0:486	273	2642.88	(64)	2436.2	(256)	2215.91	(64)	1979.73	(256)	1730.76	(256)	1471.28	(256)	1201.8	(256)	923.735	(256)	634.62	(256)	327.12	(256)	0	(16)	
BB:9:41:0:617	273	2640.58	(64)	2436.42	(256)	2218.64	(64)	1984.98	(256)	1738.54	(256)	1481.58	(256)	1215.78	(256)	942.06	(256)	651.18	(256)	334.2	(208)	0	(16)	
BB:9:41:0:916	273	2615.06	(64)	2414.38	(256)	2201.32	(64)	1972.37	(256)	1730.64	(256)	1480.17	(256)	1220.37	(64)	942.935	(256)	643.02	(16)	327.12	(256)	0	(16)	
BB:9:41:1:979
BB:9:41:15:716
BB:9:41:15:883	275	2368.42	(61)	2185.87	(256)	2003.06	(256)	1810.46	(64)	1606.75	(64)	1382.95	(208)	1135.83	(208)	874.436	(256)	601.403	(64)	313.55	(256)	0	(16)	
BB:9:41:16:613	275	2318.24	(61)	2141.69	(256)	1964.88	(256)	1778.28	(64)	1580.57	(64)	1368.04	(208)	1135.83	(208)	880.86	(256)	603.415	(52)	313.55	(256)	0	(16)	
BB:9:41:16:745	275	2204.83	(253)	2060.25	(256)	1918.47	(64)	1762.44	(64)	1585.53	(16)	1378.07	(208)	1140.78	(196)	883.38	(244)	604.675	(180)	313.55	(256)	0	(16)	
BB:9:41:16:873	275	2202.07	(253)	2057.49	(256)	1915.71	(64)	1759.68	(64)	1582.77	(16)	1376.57	(208)	1140.54	(196)	884.4	(244)	606.955	(244)	317.09	(64)	0	(16)	
BB:9:41:20:230
BB:9:41:30:908
BB:9:41:31:77	277	1812.82	(243)	1698.42	(241)	1571.36	(253)	1431.93	(253)	1281.55	(64)	1124.17	(64)	945.91	(16)	740.915	(256)	506.1	(196)	261.96	(244)	0	(244)	
BB:9:41:35:380
BB:9:41:46:150
BB:9:41:46:308	279	1464.32	(207)	1404.96	(195)	1316.67	(243)	1202.81	(241)	1076.59	(253)	937.997	(253)	782.82	(64)	620.64	(64)	443.58	(16)	236.7	(256)	0	(196)	
BB:9:41:48:329
BB:9:42:1:298
BB:9:42:1:416	281	964.404	(15)	955.344	(207)	931.999	(7)	885.502	(199)	804.102	(243)	700.554	(241)	583.87	(253)	454.817	(253)	312.84	(64)	163.86	(64)	0	(16)	
BB:9:42:1:510	281	961.863	(15)	952.803	(207)	929.458	(7)	883.093	(199)	802.952	(243)	700.664	(241)	585.24	(253)	458.04	(125)	317.94	(64)	167.4	(16)	0	(16)	
BB:9:42:1:725	281	960.787	(15)	951.727	(207)	929	(7)	883.252	(199)	806.249	(243)	708.257	(241)	597.797	(61)	468.857	(253)	318.66	(80)	163.86	(64)	0	(16)	
BB:9:42:2:448
BB:9:42:16:708
BB:9:42:16:831	283	646.947	(61)	630.927	(61)	619.827	(15)	613.587	(15)	592.043	(195)	547.099	(199)	477.43	(247)	381.54	(241)	277.44	(125)	151.2	(125)	0	(80)	
BB:9:42:17:462
BB:9:42:32:41
BB:9:42:32:158	285	340.428	(193)	332.846	(241)	319.05	(256)	301.761	(63)	289.071	(63)	281.241	(15)	265.417	(207)	227.992	(199)	174.06	(247)	91.98	(241)	0	(125)	
BB:9:42:32:230	285	334.428	(193)	326.846	(241)	313.05	(256)	295.761	(63)	283.071	(63)	275.241	(15)	259.417	(207)	221.992	(195)	168.06	(247)	91.98	(245)	0	(125)	
BB:9:42:32:579
BB:9:42:47:280
BB:9:42:47:402	287	167.115	(7)	167.115	(256)	163.407	(193)	155.825	(241)	142.029	(256)	124.74	(256)	112.05	(255)	104.22	(15)	85.8	(207)	48	(3)	0	(247)	
BB:9:42:47:569	287	161.475	(7)	161.475	(256)	157.767	(193)	150.185	(241)	136.389	(256)	119.1	(63)	106.41	(63)	98.58	(15)	82.98	(207)	48	(195)	0	(247)	
BB:9:42:48:34	287	160.198	(7)	160.198	(256)	156.49	(193)	148.907	(241)	136.62	(61)	120.84	(61)	109.98	(15)	103.98	(15)	86.58	(195)	48	(195)	0	(247)	
BB:9:42:48:85
BB:9:43:2:601
BB:9:43:2:711	289	81.7362	(1)	81.7362	(1)	81.7362	(193)	78.3405	(193)	74.9409	(241)	66.4674	(241)	53.61	(61)	37.26	(61)	26.4	(15)	20.4	(15)	0	(195)	
BB:9:43:2:949
BB:9:43:17:874
BB:9:43:18:7	291	47.802	(7)	47.802	(7)	47.802	(7)	47.802	(256)	47.802	(1)	44.274	(193)	37.1196	(241)	25.8174	(241)	17.64	(61)	7.86	(61)	0	(15)	
BB:9:43:18:983
BB:9:43:33:147
BB:9:43:33:266	293	33.798	(7)	33.798	(7)	33.798	(7)	33.798	(7)	33.798	(7)	33.798	(256)	32.2884	(1)	26.0748	(193)	19.8	(256)	2.52	(113)	0	(61)	
BB:9:43:33:370	293	32.358	(7)	32.358	(7)	32.358	(7)	32.358	(7)	32.358	(7)	32.358	(256)	30.8484	(1)	24.6348	(193)	18.36	(241)	2.52	(177)	0	(61)	
BB:9:43:33:472	293	19.0884	(7)	19.0884	(7)	19.0884	(7)	19.0884	(7)	19.0884	(7)	19.0884	(7)	19.0884	(256)	17.5788	(15)	12.6	(241)	2.52	(241)	0	(61)	
BB:9:43:33:738
BB:9:43:48:425
BB:9:43:48:672	295	6	(15)	6	(15)	6	(15)	6	(15)	6	(15)	6	(15)	6	(15)	6	(15)	6	(15)	6	(15)	0	(241)	
BB:9:43:48:681
BB:9:44:3:603
BB:9:44:3:851	297	0	(15)	0	(15)	0	(15)	0	(15)	0	(15)	0	(15)	0	(15)	0	(15)	0	(15)	0	(15)	0	(15)	
BB:9:44:3:862
BB:9:44:18:996
BB:9:44:19:247	299	0	(15)	0	(15)	0	(15)	0	(15)	0	(15)	0	(15)	0	(15)	0	(15)	0	(15)	0	(15)	0	(15)	
BB:9:44:19:255
BB:9:44:34:385
BB:9:44:34:632	301	0	(15)	0	(15)	0	(15)	0	(15)	0	(15)	0	(15)	0	(15)	0	(15)	0	(15)	0	(15)	0	(15)	
BB:9:44:34:641
BB:9:44:49:670
BB:9:44:49:923	303	0	(15)	0	(15)	0	(15)	0	(15)	0	(15)	0	(15)	0	(15)	0	(15)	0	(15)	0	(15)	0	(15)	
BB:9:44:49:932
BB:9:45:4:940
BB:9:45:5:183	305	0	(15)	0	(15)	0	(15)	0	(15)	0	(15)	0	(15)	0	(15)	0	(15)	0	(15)	0	(15)	0	(15)	
BB:9:45:5:191
BB:9:45:20:210
BB:9:45:20:456	307	0	(15)	0	(15)	0	(15)	0	(15)	0	(15)	0	(15)	0	(15)	0	(15)	0	(15)	0	(15)	0	(15)	
BB:9:45:20:467
BB:9:45:35:496
BB:9:45:35:741	309	0	(15)	0	(15)	0	(15)	0	(15)	0	(15)	0	(15)	0	(15)	0	(15)	0	(15)	0	(15)	0	(15)	
BB:9:45:35:749
BB:9:45:50:765
BB:9:45:51:2	311	0	(15)	0	(15)	0	(15)	0	(15)	0	(15)	0	(15)	0	(15)	0	(15)	0	(15)	0	(15)	0	(15)	
BB:9:45:51:11
BB:9:46:6:27
BB:9:46:6:272	313	0	(15)	0	(15)	0	(15)	0	(15)	0	(15)	0	(15)	0	(15)	0	(15)	0	(15)	0	(15)	0	(15)	
BB:9:46:6:279
BB:9:46:21:340
BB:9:46:21:584	315	0	(15)	0	(15)	0	(15)	0	(15)	0	(15)	0	(15)	0	(15)	0	(15)	0	(15)	0	(15)	0	(15)	
BB:9:46:21:591
BB:9:46:36:638
BB:9:46:36:884	317	0	(15)	0	(15)	0	(15)	0	(15)	0	(15)	0	(15)	0	(15)	0	(15)	0	(15)	0	(15)	0	(15)	
BB:9:46:36:893
BB:9:46:51:927
BB:9:46:52:174	319	0	(15)	0	(15)	0	(15)	0	(15)	0	(15)	0	(15)	0	(15)	0	(15)	0	(15)	0	(15)	0	(15)	
BB:9:46:52:185
BB:9:47:7:330
BB:9:47:7:576	321	0	(15)	0	(15)	0	(15)	0	(15)	0	(15)	0	(15)	0	(15)	0	(15)	0	(15)	0	(15)	0	(15)	
BB:9:47:7:584
BB:9:47:22:506
BB:9:47:22:753	323	0	(15)	0	(15)	0	(15)	0	(15)	0	(15)	0	(15)	0	(15)	0	(15)	0	(15)	0	(15)	0	(15)	
BB:9:47:22:767
BB:9:47:37:807
BB:9:47:38:85	325	0	(15)	0	(15)	0	(15)	0	(15)	0	(15)	0	(15)	0	(15)	0	(15)	0	(15)	0	(15)	0	(15)	
BB:9:47:38:93
BB:9:47:53:108
BB:9:47:53:355	327	0	(15)	0	(15)	0	(15)	0	(15)	0	(15)	0	(15)	0	(15)	0	(15)	0	(15)	0	(15)	0	(15)	
BB:9:47:53:364
BB:9:48:8:285
BB:9:48:8:532	329	0	(15)	0	(15)	0	(15)	0	(15)	0	(15)	0	(15)	0	(15)	0	(15)	0	(15)	0	(15)	0	(15)	
BB:9:48:8:545
