BB:7:48:15:388
BB:7:48:15:510	1	1326.8	(256)	1136.27	(94)	962.788	(82)	812.902	(128)	658.559	(118)	500.004	(200)	357.204	(253)	245.376	(216)	147.66	(86)	80.1	(86)	0	(0)	
BB:7:48:15:621
BB:7:48:28:936
BB:7:48:29:96	3	1557.11	(208)	1367.19	(241)	1160.65	(256)	974.792	(94)	805.859	(82)	657.522	(128)	504.896	(117)	343.356	(198)	208.332	(256)	99.072	(216)	0	(86)	
BB:7:48:29:217	3	1551.13	(208)	1364.09	(241)	1161.75	(256)	977.533	(86)	807.607	(94)	657.148	(116)	503.126	(125)	343.746	(198)	211.944	(248)	101.376	(224)	0	(86)	
BB:7:48:29:567	3	1547.71	(208)	1362.14	(241)	1161.27	(256)	978.518	(86)	810.063	(94)	658.073	(116)	501.694	(125)	347.034	(200)	215.172	(248)	104.544	(222)	0	(86)	
BB:7:48:31:548
BB:7:48:44:120
BB:7:48:44:264	5	1770.46	(6)	1537.83	(14)	1321.67	(256)	1136.65	(241)	937.932	(256)	747.516	(86)	567.841	(82)	423.424	(128)	269.556	(94)	123.096	(248)	0	(248)	
BB:7:48:44:440	5	1753.48	(54)	1536.16	(14)	1318.11	(196)	1131.55	(253)	931.597	(248)	747.8	(94)	578.116	(82)	436.031	(128)	282.708	(126)	128.136	(216)	0	(248)	
BB:7:48:44:914	5	1731.73	(54)	1518.67	(14)	1304.61	(196)	1120.96	(253)	923.58	(248)	740.699	(94)	573.827	(94)	429.053	(116)	272.232	(89)	123.096	(248)	0	(248)	
BB:7:48:45:916	5	1727.71	(54)	1513.31	(14)	1297.92	(196)	1114.82	(253)	917.528	(248)	742.156	(94)	584.437	(94)	437.573	(116)	276.588	(122)	123.096	(248)	0	(248)	
BB:7:48:46:100	5	1723.83	(54)	1513.05	(30)	1301.29	(196)	1121.96	(253)	928.92	(248)	750.371	(94)	587.831	(94)	438.389	(116)	276.9	(73)	123.096	(248)	0	(248)	
BB:7:48:46:326	5	1702.54	(54)	1492.83	(14)	1282.13	(196)	1103.71	(253)	911.108	(248)	740.62	(94)	587.785	(94)	439.805	(116)	277.704	(121)	123.096	(248)	0	(248)	
BB:7:48:47:391	5	1694.96	(54)	1486.37	(14)	1276.64	(196)	1099.2	(253)	907.46	(248)	737.765	(94)	585.506	(94)	439.716	(116)	280.584	(121)	124.596	(232)	0	(248)	
BB:7:48:49:774
BB:7:48:59:335
BB:7:48:59:459	7	2014.42	(224)	1788.49	(244)	1546.22	(62)	1313.07	(6)	1086.35	(205)	896.02	(256)	691.949	(244)	501.832	(94)	332.628	(94)	173.088	(120)	0	(121)	
BB:7:48:59:534	7	1997.18	(212)	1774.6	(256)	1533.51	(54)	1308.72	(14)	1086.63	(193)	897.241	(256)	693.28	(248)	503.272	(94)	333.588	(94)	173.568	(116)	0	(121)	
BB:7:49:1:839
BB:7:49:14:524
BB:7:49:14:679	9	2164.03	(30)	1925.08	(21)	1717.2	(256)	1497.21	(244)	1256.32	(126)	1023.94	(70)	794.164	(205)	591.6	(256)	371.292	(248)	173.316	(94)	0	(94)	
BB:7:49:14:979	9	2132.98	(222)	1892.49	(21)	1679.36	(64)	1459.08	(244)	1232.81	(254)	1019.01	(198)	805.996	(205)	599.46	(128)	373.812	(120)	173.316	(94)	0	(94)	
BB:7:49:15:318	9	2100.11	(214)	1872.08	(61)	1676.77	(56)	1464.87	(224)	1236.95	(210)	1020.64	(206)	810.017	(245)	605.398	(120)	377.099	(80)	173.316	(94)	0	(94)	
BB:7:49:16:0	9	2088.02	(254)	1858.18	(49)	1659.79	(56)	1449.69	(224)	1232.48	(222)	1023.96	(242)	812.074	(245)	605.435	(80)	380.243	(80)	176.459	(86)	0	(94)	
BB:7:49:18:469
BB:7:49:29:733
BB:7:49:29:886	11	2506.05	(24)	2181.47	(18)	1886.33	(30)	1617.02	(246)	1401.27	(256)	1170.61	(224)	919.283	(194)	673.936	(245)	438	(190)	227.628	(128)	0	(80)	
BB:7:49:29:987	11	2468.98	(206)	2154.22	(205)	1864.81	(245)	1619.28	(52)	1402.98	(64)	1166.98	(214)	922.102	(222)	679.804	(224)	444.804	(178)	230.292	(120)	0	(80)	
BB:7:49:30:98	11	2458.35	(216)	2136.93	(210)	1845.1	(62)	1590.53	(54)	1373.12	(224)	1147.4	(208)	911.747	(242)	683.932	(245)	453.564	(190)	231.936	(96)	0	(80)	
BB:7:49:30:236	11	2441.37	(200)	2119.2	(194)	1832.67	(62)	1583.4	(54)	1371.3	(224)	1150.88	(224)	914.531	(242)	686.02	(245)	454.956	(190)	232.632	(80)	0	(80)	
BB:7:49:31:215	11	2428.85	(120)	2108.96	(78)	1825.51	(142)	1576.94	(54)	1356.11	(52)	1125.43	(224)	891.328	(222)	664.408	(245)	438.996	(242)	227.628	(128)	0	(80)	
BB:7:49:31:509	11	2412.39	(56)	2102.97	(14)	1828.1	(14)	1569.26	(245)	1353.33	(244)	1135.2	(224)	906.924	(222)	675.198	(246)	440.496	(177)	227.628	(128)	0	(80)	
BB:7:49:31:573	11	2378.91	(120)	2070.67	(78)	1798.87	(142)	1552.95	(53)	1337.77	(52)	1112.8	(224)	884.407	(222)	663.198	(246)	440.496	(241)	227.628	(128)	0	(80)	
BB:7:49:39:539
BB:7:49:44:844
BB:7:49:44:986	13	2700.18	(256)	2368.56	(206)	2050.33	(70)	1727.1	(126)	1440.52	(181)	1199.62	(52)	968.785	(30)	726.71	(222)	479.34	(208)	248.064	(248)	0	(241)	
BB:7:49:45:113	13	2645.54	(244)	2302.2	(126)	1988.47	(70)	1684.79	(78)	1406.6	(189)	1168.86	(52)	946.925	(24)	719.882	(224)	477.66	(206)	249.264	(246)	0	(241)	
BB:7:49:45:944	13	2634.4	(224)	2291.99	(118)	1975.49	(118)	1675.05	(78)	1400.98	(141)	1157.66	(52)	943.997	(56)	716.882	(224)	477.66	(222)	249.264	(246)	0	(241)	
BB:7:49:46:101	13	2625.82	(245)	2290.17	(120)	1985.77	(80)	1681.37	(78)	1406.41	(182)	1164.15	(49)	955.141	(32)	733.658	(224)	482.508	(198)	249.264	(246)	0	(241)	
BB:7:49:47:831	13	2625.48	(248)	2282.23	(120)	1978.76	(80)	1678.72	(78)	1404.32	(182)	1166.34	(49)	968.316	(64)	745.884	(224)	493.98	(214)	251.28	(198)	0	(241)	
BB:7:49:51:25
BB:7:50:0:129
BB:7:50:0:298	15	2738.78	(82)	2431.24	(113)	2112.84	(256)	1792.41	(208)	1479.92	(198)	1167.56	(182)	901.911	(62)	681.018	(61)	484.872	(64)	253.74	(212)	0	(214)	
BB:7:50:0:404	15	2660.08	(78)	2354.8	(5)	2054.71	(248)	1749.46	(244)	1461.65	(222)	1177.41	(158)	907.939	(54)	675.486	(49)	479.148	(64)	254.016	(224)	0	(214)	
BB:7:50:0:699	15	2642.89	(66)	2344.52	(113)	2047.87	(256)	1752.49	(256)	1464.09	(214)	1179.48	(214)	912.219	(62)	691.752	(61)	496.032	(64)	259.32	(148)	0	(214)	
BB:7:50:0:802	15	2641.18	(78)	2336.36	(53)	2035.68	(248)	1735.65	(244)	1459.11	(222)	1187.29	(222)	918.247	(54)	686.22	(49)	490.308	(64)	259.596	(160)	0	(214)	
BB:7:50:4:631
BB:7:50:15:368
BB:7:50:15:526	17	2713.52	(224)	2430.77	(94)	2164.69	(126)	1887.41	(118)	1567.99	(197)	1248.51	(228)	974.889	(224)	700.191	(222)	431.771	(54)	196.62	(49)	0	(64)	
BB:7:50:16:353	17	2704.6	(222)	2419.95	(94)	2149.55	(125)	1874.24	(120)	1570.64	(200)	1252.95	(226)	985.137	(222)	716.751	(222)	433.151	(56)	196.62	(49)	0	(64)	
BB:7:50:24:658
BB:7:50:30:537
BB:7:50:30:693	19	3016.49	(246)	2695.67	(88)	2383.01	(81)	2060.93	(113)	1745.18	(64)	1462.79	(256)	1171.24	(198)	865.804	(230)	577.896	(158)	273.12	(32)	0	(56)	
BB:7:50:30:822	19	2951.86	(246)	2643.63	(88)	2341.05	(86)	2021.22	(114)	1708.1	(61)	1431.64	(256)	1152.82	(200)	838.776	(230)	557.736	(158)	274.32	(30)	0	(56)	
BB:7:50:31:896	19	2882.1	(246)	2583.3	(184)	2274.87	(86)	1973.28	(82)	1676	(125)	1402.84	(64)	1125.16	(200)	826.776	(230)	557.736	(222)	274.32	(30)	0	(56)	
BB:7:50:32:908	19	2877.82	(54)	2568.17	(56)	2256.82	(130)	1959.52	(66)	1681.45	(125)	1420.78	(128)	1145.07	(232)	847.356	(214)	574.632	(222)	279.768	(14)	0	(56)	
BB:7:50:33:60	19	2864.8	(18)	2556.73	(32)	2254.51	(142)	1968.53	(70)	1694.28	(117)	1425.79	(116)	1148.76	(240)	853.559	(222)	575.615	(214)	279.768	(14)	0	(56)	
BB:7:50:34:155
BB:7:50:45:754
BB:7:50:45:894	21	2866.91	(222)	2589.34	(222)	2282.24	(246)	1979.78	(184)	1677.66	(72)	1384.21	(69)	1089.29	(113)	816.48	(64)	546.552	(240)	260.064	(222)	0	(214)	
BB:7:50:46:115	21	2863.75	(222)	2596.72	(222)	2297.19	(214)	1984.73	(168)	1682.51	(72)	1388.96	(69)	1084.55	(113)	809.4	(64)	546.552	(256)	260.064	(222)	0	(214)	
BB:7:50:46:181	21	2837.2	(206)	2558.42	(254)	2268.5	(246)	1972.17	(216)	1680.51	(152)	1386.63	(69)	1097.56	(113)	826.392	(128)	553.308	(48)	260.064	(222)	0	(214)	
BB:7:50:46:242	21	2827.83	(254)	2548.68	(254)	2257.76	(246)	1965.69	(216)	1680.69	(152)	1395.54	(101)	1095.52	(65)	819.312	(128)	553.308	(64)	260.064	(222)	0	(214)	
BB:7:50:46:302	21	2802.29	(62)	2530.94	(62)	2236.51	(246)	1943.35	(216)	1654.7	(216)	1359.6	(133)	1070.56	(113)	814.392	(128)	553.308	(112)	260.064	(222)	0	(214)	
BB:7:50:46:367	21	2800.11	(62)	2528.18	(62)	2229.49	(246)	1937.31	(216)	1655.31	(216)	1367.82	(165)	1068.52	(65)	807.312	(128)	553.308	(128)	260.064	(222)	0	(214)	
BB:7:50:47:960
BB:7:51:1:70
BB:7:51:1:221	23	2931.51	(65)	2609.99	(128)	2290.44	(64)	2000.85	(54)	1699.52	(214)	1406.66	(214)	1113.87	(224)	826.178	(141)	534.024	(101)	268.08	(120)	0	(128)	
BB:7:51:1:332	23	2916.37	(221)	2596.98	(4)	2263.5	(2)	1968.7	(62)	1680.23	(254)	1388.83	(216)	1109.38	(216)	829.852	(149)	541.2	(101)	270.768	(128)	0	(128)	
BB:7:51:1:492	23	2886.75	(65)	2570.55	(116)	2259.26	(64)	1986.49	(62)	1695.94	(222)	1412.71	(214)	1132.83	(216)	845.93	(133)	548.712	(101)	272.424	(116)	0	(128)	
BB:7:51:9:659
BB:7:51:16:161
BB:7:51:16:335	25	3064.33	(222)	2747.08	(206)	2419.2	(13)	2081.55	(56)	1732.64	(52)	1446.85	(254)	1163.73	(254)	869.608	(214)	580.439	(152)	302.549	(85)	0	(101)	
BB:7:51:16:439	25	3047.36	(222)	2729.68	(206)	2401.37	(13)	2067.82	(56)	1723.02	(52)	1441.33	(254)	1162.32	(254)	872.296	(214)	587.231	(152)	304.445	(69)	0	(101)	
BB:7:51:16:527	25	3028.39	(254)	2714.41	(254)	2392.54	(29)	2072.58	(4)	1733.25	(4)	1447.17	(254)	1165.54	(254)	877.54	(214)	593.927	(152)	306.653	(117)	0	(101)	
BB:7:51:17:782	25	2976.63	(94)	2655.21	(158)	2345.19	(141)	2016.98	(8)	1685.86	(52)	1414.44	(62)	1134.69	(254)	857.608	(214)	580.439	(216)	302.549	(85)	0	(101)	
BB:7:51:17:952	25	2953.77	(94)	2639.39	(158)	2333.42	(157)	2003.25	(8)	1676.24	(52)	1408.92	(62)	1133.28	(254)	860.296	(214)	587.231	(216)	304.445	(69)	0	(101)	
BB:7:51:24:516
BB:7:51:31:449
BB:7:51:31:624	27	3042.21	(32)	2725.02	(224)	2419.96	(254)	2083.96	(245)	1758.21	(149)	1446.6	(80)	1131.28	(78)	853.888	(126)	556.272	(242)	271.452	(216)	0	(216)	
BB:7:51:31:735	27	3039.48	(24)	2713.11	(216)	2394.78	(254)	2053.6	(241)	1733.56	(157)	1419.9	(80)	1107.52	(80)	837.864	(126)	549.408	(242)	271.92	(214)	0	(216)	
BB:7:51:31:972	27	3014.8	(32)	2699.9	(224)	2388.49	(242)	2053.6	(241)	1733.56	(157)	1419.9	(80)	1107.52	(80)	837.864	(126)	549.408	(246)	271.92	(214)	0	(216)	
BB:7:51:32:104	27	2983.77	(32)	2673.16	(224)	2363.86	(242)	2031.08	(241)	1721.82	(141)	1416.88	(80)	1117.15	(128)	852.96	(126)	553.44	(214)	271.92	(214)	0	(216)	
BB:7:51:32:312	27	2975.05	(64)	2675.29	(64)	2369.81	(210)	2040.85	(209)	1727.17	(157)	1417.21	(80)	1117.4	(128)	853.128	(126)	553.524	(198)	271.92	(214)	0	(216)	
BB:7:51:34:16
BB:7:51:46:654
BB:7:51:46:808	29	3337.85	(125)	2991.09	(93)	2649.1	(20)	2309.16	(212)	1986.11	(222)	1621.51	(206)	1275.61	(177)	957.468	(64)	626.712	(64)	319.176	(46)	0	(198)	
BB:7:51:46:979	29	3195.16	(61)	2870.4	(29)	2554.21	(20)	2228.17	(212)	1919.03	(222)	1568.34	(206)	1236.35	(177)	932.112	(128)	615.264	(128)	319.176	(110)	0	(198)	
BB:7:51:47:147	29	3145.7	(56)	2826.71	(21)	2527.34	(32)	2216.65	(224)	1906.27	(206)	1570.44	(242)	1252.01	(177)	936.444	(128)	619.452	(112)	320.136	(94)	0	(198)	
BB:7:51:48:735
BB:7:52:1:836
BB:7:52:2:41	31	3545.28	(221)	3197.77	(20)	2830.16	(4)	2437.35	(13)	2056.81	(256)	1709.98	(256)	1389.82	(246)	1041.01	(254)	684.828	(177)	337.548	(80)	0	(112)	
BB:7:52:2:794	31	3543.79	(221)	3197.71	(17)	2832.59	(4)	2450.82	(16)	2071	(254)	1725.98	(254)	1400.09	(245)	1045.31	(256)	697.968	(180)	346.668	(78)	0	(112)	
BB:7:52:3:270	31	3529.81	(221)	3189.37	(17)	2825.51	(4)	2445	(16)	2066.44	(254)	1722.68	(254)	1407.05	(246)	1050.53	(256)	701.448	(180)	348.408	(77)	0	(112)	
BB:7:52:4:163	31	3473.17	(253)	3161.5	(21)	2816.22	(24)	2447.57	(32)	2076.84	(194)	1720.8	(206)	1383.62	(253)	1034.2	(256)	699.828	(180)	351.768	(126)	0	(112)	
BB:7:52:4:831	31	3458.83	(253)	3153.16	(21)	2809.14	(24)	2441.75	(32)	2072.28	(194)	1717.5	(206)	1390.58	(254)	1039.42	(256)	703.308	(180)	353.508	(125)	0	(112)	
BB:7:52:7:740	31	3398.28	(253)	3099.84	(32)	2763.93	(24)	2407.41	(21)	2059.06	(208)	1716.82	(208)	1383.72	(242)	1037.9	(242)	691.848	(189)	342.648	(128)	0	(112)	
BB:7:52:38:285
BB:7:52:41:984
BB:7:52:42:175	33	3159.57	(116)	2852.17	(114)	2568.8	(254)	2306.25	(237)	1997.09	(24)	1686.11	(24)	1374.8	(224)	1041.29	(206)	698.136	(242)	337.644	(177)	0	(189)	
BB:7:52:44:151	33	3136.09	(66)	2811.13	(116)	2524.66	(256)	2262.1	(253)	1959	(37)	1631.82	(24)	1327.81	(32)	1009.49	(224)	684.936	(194)	339.144	(242)	0	(189)	
BB:7:52:45:720	33	3119.59	(116)	2810.26	(114)	2537.98	(254)	2278.42	(253)	1972.13	(40)	1655.05	(24)	1352.12	(32)	1027.43	(222)	696.336	(194)	338.844	(241)	0	(189)	
BB:7:52:53:800
BB:7:52:57:500
BB:7:52:57:684	35	3148.56	(208)	2829.67	(208)	2538.66	(244)	2223.69	(114)	1937.59	(126)	1652.05	(253)	1328.39	(232)	992.928	(24)	665.196	(32)	326.844	(222)	0	(194)	
BB:7:52:58:521	35	3133.88	(208)	2817.2	(208)	2528.21	(244)	2213.82	(114)	1928.29	(126)	1645.86	(253)	1334.61	(40)	1006.57	(24)	667.596	(224)	326.844	(222)	0	(194)	
BB:7:53:4:730
BB:7:53:12:747
BB:7:53:12:936	37	3259.8	(53)	2923.58	(245)	2600.47	(248)	2279.05	(196)	1965.4	(68)	1634.3	(126)	1338.96	(254)	1047.59	(246)	706.48	(40)	347.4	(20)	0	(224)	
BB:7:53:14:145	37	3240.12	(21)	2900.92	(213)	2566.69	(240)	2248.72	(208)	1940.61	(68)	1597.14	(114)	1285.25	(254)	1017.93	(254)	697.48	(56)	347.4	(24)	0	(224)	
BB:7:53:14:324	37	3228.05	(21)	2901.21	(213)	2578.72	(216)	2250.58	(228)	1938.76	(68)	1603.11	(78)	1306.68	(254)	1035.59	(246)	706.48	(56)	347.4	(20)	0	(224)	
BB:7:53:18:618
BB:7:53:27:944
BB:7:53:28:88	39	3265.21	(224)	2966.65	(222)	2637.64	(246)	2275.21	(117)	1915.93	(104)	1560.49	(4)	1236.82	(196)	892.628	(254)	593.798	(254)	316.535	(53)	0	(56)	
BB:7:53:29:719	39	3233.63	(210)	2907.79	(221)	2583.19	(253)	2233.54	(128)	1890.02	(104)	1550.26	(8)	1233.61	(198)	893.045	(254)	603.038	(254)	320.735	(56)	0	(56)	
BB:7:53:31:109	39	3142.65	(62)	2852.58	(221)	2554.22	(213)	2224.04	(88)	1896.99	(104)	1549.85	(16)	1245.27	(206)	914.207	(254)	613.379	(242)	320.735	(56)	0	(56)	
BB:7:53:32:160
BB:7:53:43:210
BB:7:53:43:359	41	3265.68	(242)	2941.38	(52)	2613.44	(256)	2308.49	(126)	1965.85	(69)	1600.45	(197)	1263.58	(232)	926.53	(40)	623.7	(224)	308.7	(222)	0	(242)	
BB:7:53:43:447	41	3196.68	(116)	2900.59	(244)	2576.3	(64)	2258.09	(14)	1925.37	(197)	1598.19	(229)	1269.64	(104)	935.819	(96)	638.628	(224)	309.384	(254)	0	(242)	
BB:7:53:44:614	41	3118.5	(116)	2829.36	(242)	2503.74	(62)	2198.9	(13)	1880.81	(197)	1562.33	(232)	1255.18	(104)	933.839	(96)	639.108	(222)	309.384	(254)	0	(242)	
BB:7:53:46:881
BB:7:53:58:480
BB:7:53:58:634	43	3337.8	(126)	2930.53	(94)	2547.27	(2)	2212.79	(4)	1868.21	(256)	1566.57	(125)	1252.82	(245)	927.185	(216)	617.63	(104)	292.031	(96)	0	(222)	
BB:7:53:58:712	43	3308.17	(120)	2909.4	(96)	2538.5	(4)	2209.87	(1)	1866.84	(253)	1572.34	(125)	1259.9	(248)	948.667	(216)	634.85	(104)	294.131	(94)	0	(222)	
BB:7:54:2:114
BB:7:54:13:705
BB:7:54:13:840	45	3624.48	(86)	3159.86	(85)	2726.31	(120)	2311.54	(4)	1938.63	(4)	1615.13	(113)	1286.62	(253)	975.804	(125)	645.444	(216)	327.312	(232)	0	(104)	
BB:7:54:13:966	45	3564.7	(86)	3116.29	(85)	2684.54	(24)	2272.17	(196)	1911.05	(196)	1597.28	(49)	1272.79	(61)	972.252	(253)	649.212	(216)	327.42	(104)	0	(104)	
BB:7:54:14:142	45	3491.04	(118)	3053.25	(117)	2653.81	(72)	2262.33	(80)	1900.18	(52)	1588.15	(17)	1255.71	(221)	956.34	(253)	646.236	(248)	327.9	(120)	0	(104)	
BB:7:54:15:33	45	3484.91	(118)	3051.35	(117)	2649.71	(72)	2258.07	(16)	1909.69	(52)	1601.52	(209)	1278.15	(221)	978.18	(253)	651.996	(184)	327.9	(120)	0	(104)	
BB:7:54:18:899
BB:7:54:28:856
BB:7:54:29:20	47	3839.13	(128)	3426.42	(126)	2977.14	(70)	2517.13	(6)	2088.72	(56)	1674.22	(20)	1292.49	(244)	970.787	(209)	628.36	(221)	318.504	(189)	0	(184)	
BB:7:54:29:181	47	3816.29	(96)	3389.38	(78)	2943.81	(246)	2494.93	(246)	2060.2	(8)	1651.41	(4)	1284.69	(52)	959.567	(209)	616.36	(221)	318.504	(253)	0	(184)	
BB:7:54:29:393	47	3785.93	(120)	3368.16	(72)	2910.81	(246)	2461.8	(254)	2040.13	(2)	1645.88	(4)	1288.68	(52)	969.274	(221)	630.282	(221)	323.424	(249)	0	(184)	
BB:7:54:29:670	47	3763.93	(116)	3338.58	(68)	2883.28	(254)	2449.65	(254)	2041.07	(6)	1658.47	(8)	1306.04	(56)	985.092	(221)	645.676	(221)	328.824	(241)	0	(184)	
BB:7:54:32:146
BB:7:54:44:41
BB:7:54:44:235	49	3951.02	(210)	3520.34	(244)	3118.67	(256)	2691.18	(128)	2233.04	(70)	1788.69	(70)	1402.96	(118)	1019.69	(86)	636.498	(64)	327.012	(32)	0	(221)	
BB:7:54:44:393	49	3933.53	(210)	3497.52	(244)	3090.45	(256)	2666.62	(128)	2216.06	(70)	1779.29	(70)	1397.54	(118)	1014.89	(88)	639.702	(64)	327.468	(29)	0	(221)	
BB:7:54:45:768	49	3922.94	(242)	3495.17	(244)	3087.68	(208)	2664.09	(80)	2223.72	(118)	1793.84	(118)	1406.13	(118)	1018.07	(24)	653.682	(64)	333.828	(221)	0	(221)	
BB:7:54:47:865	49	3917.99	(194)	3493.76	(196)	3084.67	(256)	2664.63	(128)	2222.97	(118)	1785.83	(86)	1407	(86)	1029.2	(118)	641.28	(16)	327.012	(32)	0	(221)	
BB:7:54:48:76	49	3916.24	(194)	3492.84	(196)	3087.15	(256)	2668.98	(128)	2225.99	(118)	1788.77	(86)	1410.03	(86)	1032.32	(118)	642.84	(12)	327.012	(32)	0	(221)	
BB:7:54:48:516	49	3900.49	(194)	3470.94	(196)	3056.45	(256)	2640.06	(128)	2205.99	(118)	1776.42	(86)	1401.58	(86)	1024.4	(120)	644.484	(16)	327.468	(29)	0	(221)	
BB:7:54:49:28	49	3898.74	(194)	3470.02	(196)	3058.93	(256)	2644.42	(128)	2209.01	(118)	1779.36	(86)	1404.61	(86)	1027.52	(120)	646.044	(12)	327.468	(29)	0	(221)	
BB:7:55:43:373
BB:7:55:47:84
BB:7:55:47:282	51	4240.32	(114)	3719.19	(50)	3232.12	(206)	2814.79	(208)	2435.76	(256)	2038.73	(120)	1612.61	(86)	1180.26	(86)	781.548	(114)	378.216	(4)	0	(12)	
BB:7:55:47:391	51	4188.44	(62)	3673.97	(198)	3220.58	(198)	2822.82	(248)	2437.66	(248)	2028.26	(128)	1590.27	(82)	1160.99	(82)	771.912	(118)	378.216	(8)	0	(12)	
BB:7:55:48:633	51	4187.3	(54)	3678.78	(50)	3197.31	(206)	2789.64	(208)	2422.85	(256)	2024.03	(120)	1591.37	(86)	1164.48	(86)	778.548	(114)	388.116	(66)	0	(12)	
BB:7:55:48:740	51	4142.42	(62)	3636.5	(198)	3191.66	(198)	2806.51	(248)	2433.97	(248)	2019.43	(128)	1571.55	(82)	1145.21	(82)	768.912	(118)	388.116	(70)	0	(12)	
BB:7:56:3:249
BB:7:56:6:947
BB:7:56:7:98	53	4253.41	(214)	3749.48	(22)	3250.55	(54)	2760.11	(246)	2308.11	(198)	1921.76	(244)	1558.92	(212)	1159.43	(96)	748.068	(118)	353.064	(118)	0	(118)	
BB:7:56:7:188	53	4247.14	(118)	3751.84	(22)	3251.25	(22)	2754.12	(214)	2296.44	(198)	1908.26	(244)	1555.49	(244)	1171.36	(128)	758.82	(86)	356.52	(86)	0	(118)	
BB:7:56:7:401	53	4213.56	(126)	3721.02	(22)	3228.96	(22)	2740.37	(214)	2304.72	(198)	1940.08	(248)	1586.83	(248)	1194.25	(128)	773.268	(82)	362.52	(82)	0	(118)	
BB:7:56:7:516	53	4205.76	(126)	3716.02	(22)	3226.76	(22)	2740.66	(214)	2307.52	(198)	1941.3	(248)	1586.84	(248)	1198.61	(116)	779.508	(82)	364.464	(94)	0	(118)	
BB:7:56:7:936	53	4192.48	(222)	3693.93	(30)	3206.14	(62)	2721.17	(246)	2292.15	(198)	1925.78	(248)	1567.92	(216)	1165.43	(96)	751.068	(114)	353.064	(118)	0	(118)	
BB:7:56:8:47	53	4166.34	(222)	3669.44	(30)	3182.48	(62)	2697.41	(246)	2267.64	(198)	1911.14	(248)	1564.85	(248)	1167.11	(96)	757.188	(82)	353.064	(118)	0	(118)	
BB:7:56:11:446
BB:7:56:22:86
BB:7:56:22:289	55	4662.42	(114)	4021.23	(210)	3452.02	(221)	2936.72	(29)	2433.37	(64)	1951.5	(200)	1532.03	(248)	1176.6	(248)	807.516	(248)	397.98	(94)	0	(82)	
BB:7:56:22:523	55	4518.77	(118)	3934.51	(210)	3415.42	(210)	2920.73	(30)	2435.16	(62)	1941.67	(198)	1507.36	(246)	1147.51	(248)	799.728	(248)	402.672	(96)	0	(82)	
BB:7:56:34:597
BB:7:56:38:308
BB:7:56:38:471	57	5192.48	(87)	4556.4	(86)	3917.39	(70)	3292.15	(242)	2744.25	(242)	2222.27	(26)	1718.53	(26)	1215.54	(246)	759.888	(214)	369.564	(248)	0	(248)	
BB:7:56:38:933	57	5166.48	(119)	4533.15	(70)	3918.25	(118)	3309.47	(242)	2760.78	(210)	2238.98	(26)	1731.06	(26)	1223.89	(246)	764.064	(198)	369.564	(248)	0	(248)	
BB:7:56:39:208	57	5128.63	(87)	4513.53	(86)	3901.5	(70)	3301.7	(114)	2763.52	(114)	2240.67	(26)	1734.03	(26)	1235.47	(214)	770.028	(230)	369.564	(248)	0	(248)	
BB:7:56:42:553
BB:7:56:53:631
BB:7:56:53:839	59	5820.35	(24)	5063.85	(63)	4383.39	(15)	3716.32	(206)	3096.69	(242)	2504.84	(242)	1977.89	(114)	1471.32	(90)	966.899	(90)	462.989	(214)	0	(230)	
BB:7:56:54:1	59	5739.96	(128)	5031.82	(79)	4370.18	(79)	3722.88	(126)	3117.81	(242)	2526.6	(242)	1984.22	(82)	1478.73	(90)	975.576	(90)	463.998	(230)	0	(230)	
BB:7:56:59:113	59	5713.75	(32)	4983.91	(31)	4308.47	(51)	3660.54	(242)	3052.37	(194)	2480.34	(250)	1979.19	(122)	1475.46	(86)	967.379	(86)	462.989	(214)	0	(230)	
BB:7:56:59:713	59	5652.99	(128)	4960.6	(79)	4294.03	(67)	3655.69	(114)	3067.31	(242)	2499.16	(250)	1985.53	(90)	1482.86	(86)	976.056	(86)	463.998	(230)	0	(230)	
BB:7:57:0:889	59	5641.74	(96)	4954.2	(95)	4289.68	(67)	3656.42	(114)	3074.58	(242)	2512.98	(250)	2001.59	(90)	1494.61	(86)	981.144	(86)	465.372	(198)	0	(230)	
BB:7:57:44:478
BB:7:57:48:168
BB:7:57:48:358	61	5825.11	(72)	5107.87	(116)	4445.97	(116)	3790.84	(83)	3177.82	(95)	2585.5	(94)	2024	(254)	1482.98	(250)	985.859	(90)	500.729	(86)	0	(86)	
BB:7:57:48:599	61	5670.12	(92)	5022.49	(88)	4397.31	(88)	3777.48	(87)	3171.2	(71)	2578.56	(118)	2018.71	(246)	1474.05	(254)	989.177	(94)	512.009	(94)	0	(86)	
BB:7:57:49:96	61	5602.79	(76)	4954.17	(120)	4342.88	(120)	3732.31	(87)	3142.82	(87)	2542.89	(86)	1990.88	(254)	1473.5	(254)	985.859	(94)	500.729	(86)	0	(86)	
BB:7:57:56:211
BB:7:58:3:361
BB:7:58:3:526	63	6003.12	(52)	5352.32	(60)	4705.36	(60)	4027.95	(216)	3381.56	(216)	2748.7	(215)	2148.5	(87)	1550.45	(86)	1004.67	(126)	491.466	(126)	0	(94)	
BB:7:58:3:618	63	5978.63	(52)	5325.36	(60)	4666.58	(28)	3991.74	(216)	3347.92	(216)	2714.26	(215)	2118.37	(119)	1550.5	(118)	1017.68	(126)	492.426	(94)	0	(94)	
BB:7:58:3:746	63	5907.24	(244)	5276.05	(220)	4645.27	(92)	3995.56	(88)	3353.59	(88)	2712.6	(71)	2124.34	(119)	1552.46	(118)	1014.35	(254)	493.398	(222)	0	(94)	
BB:7:58:8:70
BB:7:58:18:536
BB:7:58:18:757	65	6829.03	(5)	6105.07	(245)	5430.13	(248)	4731.52	(216)	4015.24	(88)	3274.26	(88)	2528.49	(68)	1825.61	(115)	1176.22	(115)	561.498	(254)	0	(254)	
BB:7:58:18:897	65	6737.11	(5)	6007.17	(245)	5338.37	(248)	4666.21	(248)	3959.09	(88)	3242.02	(88)	2521.53	(92)	1816.53	(83)	1171.73	(115)	563.568	(242)	0	(254)	
BB:7:58:19:23	65	6552.73	(4)	5793.23	(244)	5125.04	(244)	4463.35	(252)	3786.43	(92)	3110.36	(88)	2438.61	(88)	1777.55	(87)	1161.94	(119)	563.568	(246)	0	(254)	
BB:7:58:19:498	65	6516.26	(4)	5776.9	(52)	5102.2	(244)	4438.94	(252)	3772.42	(220)	3085.86	(88)	2420.66	(88)	1773	(87)	1164.42	(119)	568.26	(118)	0	(254)	
BB:7:58:19:919	65	6506.85	(13)	5757.79	(253)	5056.33	(253)	4355.88	(252)	3657.1	(92)	2976.71	(88)	2339.55	(88)	1727.81	(88)	1148.74	(120)	568.968	(248)	0	(254)	
BB:7:58:20:392	65	6473.05	(13)	5741.47	(61)	5033.5	(253)	4331.47	(252)	3643.09	(220)	2952.21	(88)	2321.6	(88)	1723.26	(88)	1151.22	(120)	573.66	(120)	0	(254)	
BB:7:58:32:528
BB:7:58:36:245
BB:7:58:36:396	67	7373.29	(125)	6565.99	(69)	5759.06	(5)	4930.39	(53)	4159.57	(52)	3403.62	(148)	2673.06	(148)	1919.04	(92)	1215.72	(76)	575.46	(120)	0	(120)	
BB:7:58:36:586	67	7274.08	(93)	6471.56	(117)	5675.02	(5)	4855.2	(5)	4086.88	(52)	3351.58	(180)	2625.89	(148)	1895.9	(92)	1217.46	(92)	578.4	(88)	0	(120)	
BB:7:58:40:799
BB:7:58:51:518
BB:7:58:51:753	69	8133.8	(94)	7345.28	(94)	6500.42	(6)	5628.55	(133)	4761.15	(181)	3908.41	(177)	3110.24	(49)	2327.08	(52)	1527.66	(20)	730.32	(92)	0	(92)	
BB:7:58:51:900	69	8130.9	(94)	7286.76	(94)	6416.54	(94)	5563.96	(13)	4753	(13)	3914.69	(61)	3103.64	(185)	2296.92	(180)	1508.1	(84)	732.54	(84)	0	(92)	
BB:7:58:52:57	69	8069.29	(94)	7253.34	(94)	6417.1	(90)	5573.9	(9)	4753.73	(1)	3919.75	(49)	3121.38	(177)	2311.26	(180)	1509.6	(88)	732.54	(88)	0	(92)	
BB:7:58:52:176	69	8006.13	(222)	7213.87	(94)	6395.69	(86)	5571.15	(69)	4750.15	(69)	3905.87	(113)	3110.26	(177)	2330.29	(180)	1531.36	(20)	736.32	(28)	0	(92)	
BB:7:58:55:476	69	7988.34	(96)	7139.71	(96)	6294.78	(92)	5456.94	(12)	4651.99	(3)	3845.12	(51)	3084.12	(178)	2323.56	(178)	1550.52	(86)	757.38	(86)	0	(92)	
BB:7:58:55:963	69	7979.3	(224)	7118.52	(96)	6281.71	(92)	5457.99	(76)	4658.17	(67)	3849.71	(115)	3087.11	(177)	2324.95	(177)	1554.22	(21)	763.38	(21)	0	(92)	
BB:7:58:56:35	69	7952	(224)	7095.12	(96)	6262.21	(92)	5442.39	(76)	4646.47	(67)	3841.91	(115)	3083.21	(178)	2324.95	(178)	1554.22	(22)	763.38	(22)	0	(92)	
BB:7:58:58:17	69	7912.83	(94)	7103.77	(94)	6261.47	(30)	5421.56	(142)	4613.29	(142)	3799.02	(189)	3053.09	(57)	2304.1	(49)	1523.34	(17)	732.54	(84)	0	(92)	
BB:7:58:58:143	69	7873.71	(94)	7060.86	(94)	6227.92	(94)	5400.62	(14)	4607.29	(14)	3799.69	(61)	3054.02	(185)	2305.92	(177)	1523.34	(81)	732.54	(84)	0	(92)	
BB:7:58:58:676	69	7761.63	(94)	6963.78	(94)	6148.01	(94)	5339.21	(14)	4563.64	(14)	3769.75	(61)	3031.63	(249)	2294.15	(241)	1524.92	(209)	732.54	(84)	0	(92)	
BB:7:58:59:199	69	7733.16	(93)	6925.51	(96)	6122.53	(91)	5321.69	(11)	4543.57	(2)	3771.43	(50)	3048.77	(242)	2308.49	(242)	1526.42	(214)	732.54	(88)	0	(92)	
BB:7:59:28:492
BB:7:59:32:213
BB:7:59:32:414	71	8936.29	(125)	8062.18	(93)	7148.96	(93)	6204.79	(96)	5278.25	(27)	4369.07	(11)	3459.19	(2)	2550.04	(50)	1709.31	(242)	876.06	(242)	0	(214)	
BB:7:59:32:954	71	8907.37	(126)	8019.82	(94)	7105.16	(93)	6171.55	(96)	5255.57	(27)	4356.95	(11)	3457.63	(1)	2559.04	(49)	1730.31	(241)	888.06	(241)	0	(214)	
BB:7:59:34:858	71	8848.39	(126)	7967.19	(93)	7068.6	(96)	6150.09	(95)	5244.07	(27)	4342.09	(9)	3453.19	(1)	2559.04	(49)	1718.31	(241)	876.06	(242)	0	(214)	
BB:7:59:38:93
BB:7:59:47:528
BB:7:59:47:707	73	9269.47	(190)	8390.27	(126)	7480.34	(94)	6572.63	(86)	5632.4	(88)	4668.53	(87)	3720.32	(11)	2770.52	(9)	1826.37	(49)	892.62	(49)	0	(241)	
BB:7:59:49:898	73	9252.2	(30)	8352.77	(30)	7408.56	(62)	6485.35	(182)	5565.4	(184)	4626.8	(119)	3686.39	(75)	2752.92	(73)	1835.78	(81)	898.02	(17)	0	(241)	
BB:7:59:54:332
BB:8:0:2:784
BB:8:0:3:13	75	9338.58	(212)	8364.34	(20)	7429.83	(24)	6527.79	(24)	5579.74	(56)	4632.47	(184)	3684.47	(191)	2742.75	(127)	1815.32	(77)	901.334	(77)	0	(81)	
BB:8:0:6:790	75	9163.95	(25)	8271.89	(25)	7324.8	(24)	6405.59	(248)	5496.24	(248)	4586.96	(248)	3655.48	(256)	2729.16	(128)	1817.52	(80)	901.334	(77)	0	(81)	
BB:8:0:27:873
BB:8:0:31:570
BB:8:0:31:787	77	9099.13	(189)	8180.76	(25)	7275.55	(25)	6355.41	(24)	5435.87	(8)	4542.12	(248)	3624.28	(248)	2719.24	(256)	1812.44	(256)	906.252	(128)	0	(80)	
BB:8:0:33:616	77	8969.63	(238)	8083.76	(222)	7174.69	(26)	6278.33	(25)	5370.67	(17)	4483.18	(8)	3586.72	(56)	2710.31	(184)	1813.28	(184)	906.252	(128)	0	(80)	
BB:8:0:40:84
BB:8:0:46:930
BB:8:0:47:146	79	9551.4	(206)	8591.33	(206)	7633.2	(238)	6681.63	(218)	5737.58	(25)	4773.79	(17)	3781.09	(20)	2826.77	(184)	1868.09	(184)	935.359	(184)	0	(184)	
BB:8:0:47:264	79	9420.44	(208)	8431.39	(208)	7492	(239)	6565.75	(223)	5641.02	(26)	4722.29	(26)	3771.78	(18)	2842.97	(182)	1882.01	(182)	940.939	(181)	0	(184)	
BB:8:0:47:397	79	9397.02	(205)	8408.91	(205)	7470.24	(237)	6533.81	(223)	5613.54	(27)	4686.29	(26)	3735.78	(18)	2812.97	(182)	1870.01	(182)	940.939	(182)	0	(184)	
BB:8:0:47:652	79	9382.72	(61)	8387.49	(189)	7443.34	(189)	6512.11	(159)	5612.99	(27)	4694.53	(26)	3734.82	(18)	2811.47	(246)	1879.25	(246)	948.139	(246)	0	(184)	
BB:8:0:47:898	79	9278.88	(197)	8307.98	(245)	7364.46	(247)	6446.47	(243)	5520.64	(58)	4602.93	(58)	3706.69	(18)	2851.68	(22)	1908.84	(150)	954.595	(149)	0	(184)	
BB:8:0:47:976	79	9264.27	(197)	8284.87	(245)	7342.69	(245)	6414.53	(243)	5493.16	(59)	4566.93	(58)	3670.69	(18)	2821.68	(22)	1896.84	(150)	954.595	(150)	0	(184)	
BB:8:0:49:818	79	9197.88	(197)	8249.1	(229)	7317.9	(231)	6394.13	(19)	5475.17	(58)	4579.94	(26)	3705.59	(18)	2839.21	(150)	1883.69	(150)	935.359	(184)	0	(184)	
BB:8:0:51:283	79	9189.21	(197)	8226.75	(245)	7290.63	(247)	6380.05	(243)	5464	(58)	4562.07	(58)	3683.41	(18)	2833.98	(22)	1896.72	(150)	949.015	(152)	0	(184)	
BB:8:0:59:141
BB:8:1:2:954
BB:8:1:3:169	81	9156.07	(208)	8182.31	(216)	7191	(216)	6249.07	(213)	5332.73	(245)	4431.98	(251)	3551.61	(59)	2670.87	(50)	1802.1	(18)	932.582	(150)	0	(150)	
BB:8:1:3:394	81	9134.32	(208)	8163.97	(208)	7174.92	(208)	6232.95	(213)	5341.03	(213)	4444.72	(247)	3539.64	(59)	2646.3	(58)	1782.61	(18)	934.202	(18)	0	(150)	
BB:8:1:3:508	81	9104.11	(208)	8140.5	(200)	7156.23	(200)	6228.54	(213)	5331.69	(213)	4429.63	(251)	3538.7	(59)	2645.22	(50)	1782.78	(18)	934.202	(22)	0	(150)	
BB:8:1:17:467
BB:8:1:21:287
BB:8:1:21:518	83	9335.8	(96)	8383.12	(96)	7426.48	(224)	6431.16	(200)	5422.43	(197)	4471.44	(197)	3558.81	(245)	2662.57	(251)	1772.55	(59)	867.86	(50)	0	(18)	
BB:8:1:25:699	83	9284.7	(85)	8329.64	(81)	7394.21	(68)	6428.97	(68)	5415.76	(208)	4448.87	(256)	3523.07	(256)	2645.53	(256)	1772.19	(256)	870.692	(62)	0	(18)	
BB:8:1:25:861	83	9237.04	(117)	8333.14	(117)	7395.66	(117)	6422.67	(244)	5435.62	(244)	4466.54	(256)	3533.55	(224)	2649.07	(224)	1772.34	(240)	870.768	(46)	0	(18)	
BB:8:1:28:219	83	9209.86	(95)	8288.87	(95)	7368.58	(93)	6414.51	(69)	5423.56	(197)	4456.75	(200)	3547.92	(248)	2667.37	(252)	1782.21	(252)	867.86	(50)	0	(18)	
BB:8:1:50:918
BB:8:1:54:609
BB:8:1:54:827	85	9494.93	(40)	8488.38	(37)	7507.13	(197)	6524.44	(195)	5571.69	(79)	4608.72	(95)	3615.08	(93)	2652.52	(221)	1736.14	(256)	874.248	(252)	0	(252)	
BB:8:1:55:80	85	9425.85	(23)	8428.69	(39)	7445.64	(226)	6463.6	(194)	5531.4	(78)	4595.86	(93)	3602.57	(93)	2640.14	(221)	1736.62	(256)	880.488	(256)	0	(252)	
BB:8:1:55:264	85	9381.62	(55)	8420.26	(55)	7446.36	(246)	6468.5	(194)	5538.76	(78)	4589.21	(77)	3596.24	(109)	2643.11	(237)	1743.21	(224)	882.972	(224)	0	(252)	
BB:8:1:55:505	85	9214.44	(87)	8288.94	(87)	7376.6	(214)	6474.7	(214)	5548.93	(82)	4599.7	(109)	3613.34	(109)	2655.61	(205)	1754.8	(208)	887.868	(208)	0	(252)	
BB:8:1:57:339	85	9197.73	(88)	8214.35	(82)	7278.27	(206)	6355.27	(206)	5438.12	(79)	4509.63	(103)	3552.75	(101)	2631.41	(213)	1740.5	(216)	874.248	(252)	0	(252)	
BB:8:1:57:637	85	9146.6	(56)	8169.16	(50)	7250.84	(238)	6332.73	(222)	5440.86	(95)	4531.72	(87)	3578.1	(69)	2649.55	(197)	1744.19	(200)	874.248	(252)	0	(252)	
BB:8:1:58:390	85	9110.6	(56)	8143.1	(54)	7226.86	(226)	6312.42	(222)	5418.81	(95)	4519.48	(87)	3575.67	(69)	2651.79	(197)	1750.12	(200)	876.732	(220)	0	(252)	
BB:8:1:59:193	85	9090	(96)	8129.39	(94)	7223.89	(222)	6332.72	(222)	5434.18	(95)	4523.6	(103)	3578.63	(101)	2652.35	(197)	1755.02	(200)	881.628	(204)	0	(252)	
BB:8:2:2:255	85	9068.43	(88)	8118.02	(86)	7210.78	(210)	6321.66	(218)	5436.14	(91)	4535.69	(103)	3590.96	(101)	2664.94	(197)	1767.5	(200)	887.868	(208)	0	(252)	
BB:8:2:10:835
BB:8:2:14:639
BB:8:2:14:884	87	9228.46	(205)	8322.98	(216)	7419.52	(215)	6455.12	(99)	5535.89	(98)	4622.2	(90)	3742.01	(90)	2835.99	(85)	1876.08	(85)	920.275	(197)	0	(200)	
BB:8:2:19:518	87	9201.73	(253)	8299.27	(248)	7398.01	(215)	6454.41	(83)	5539.18	(98)	4634.53	(90)	3763.31	(90)	2848.47	(85)	1877.94	(101)	920.275	(197)	0	(200)	
BB:8:2:19:593	87	9201.55	(253)	8299.21	(248)	7398.07	(215)	6454.47	(83)	5539.24	(98)	4634.59	(90)	3763.37	(90)	2848.47	(85)	1877.94	(117)	920.275	(197)	0	(200)	
BB:8:2:47:628
BB:8:2:51:319
BB:8:2:51:552	89	9131.58	(213)	8233.23	(216)	7333.62	(24)	6438.34	(24)	5499.9	(18)	4511.97	(50)	3565.28	(242)	2650.68	(251)	1794.97	(123)	920.34	(117)	0	(117)	
BB:8:2:51:676	89	8935.42	(213)	8005.06	(216)	7101.37	(256)	6220.69	(216)	5348.22	(22)	4424.77	(34)	3535.82	(226)	2649.49	(219)	1802.28	(91)	923.819	(85)	0	(117)	
BB:8:2:51:970	89	8935.25	(213)	8005.65	(216)	7102.72	(256)	6222.79	(216)	5351	(22)	4437.48	(38)	3548.13	(234)	2662.72	(219)	1811.52	(83)	929.819	(81)	0	(117)	
BB:8:2:54:479	89	8907.47	(213)	7979.6	(216)	7078.39	(256)	6201.79	(216)	5334.25	(22)	4419.26	(42)	3538.29	(234)	2653.96	(211)	1805.52	(83)	923.819	(85)	0	(117)	
BB:8:3:5:871
BB:8:3:9:566
BB:8:3:9:806	91	8867.78	(53)	7914.22	(61)	6970.8	(56)	6057.86	(248)	5181.7	(256)	4335.6	(215)	3489.68	(214)	2581.68	(106)	1721.38	(106)	845.568	(83)	0	(83)	
BB:8:3:9:978	91	8822.61	(56)	7861.55	(64)	6925.27	(53)	6024.44	(245)	5150.42	(256)	4308.65	(215)	3471.01	(215)	2561.98	(106)	1715.64	(106)	847.08	(82)	0	(83)	
BB:8:3:15:564	91	8697.52	(17)	7808.47	(17)	6904.32	(29)	5981.03	(224)	5108.24	(256)	4274.52	(256)	3439.12	(256)	2549.57	(126)	1712.53	(126)	849.84	(94)	0	(83)	
BB:8:3:15:708	91	8585.39	(21)	7714.32	(21)	6825.86	(29)	5926.74	(224)	5073.66	(256)	4253.37	(256)	3424.04	(256)	2546.62	(126)	1715.64	(126)	847.08	(82)	0	(83)	
BB:8:3:55:220
BB:8:3:58:926
BB:8:3:59:178	93	8370.01	(231)	7563.38	(231)	6726.21	(21)	5865.81	(21)	5014.39	(29)	4147.31	(224)	3314.68	(256)	2516.84	(256)	1699.39	(256)	825.6	(126)	0	(126)	
BB:8:4:13:93
BB:8:4:16:799
BB:8:4:17:18	95	8616.32	(56)	7673.88	(56)	6779.66	(231)	5942.47	(231)	5091.48	(5)	4220.63	(21)	3360.51	(29)	2499.7	(224)	1657.24	(224)	830.481	(256)	0	(256)	
BB:8:4:24:769
BB:8:4:32:269
BB:8:4:32:470	97	8695.48	(256)	7759.11	(248)	6827.01	(5)	5913.73	(9)	5042.4	(235)	4199.59	(231)	3358.34	(5)	2539.95	(21)	1702.89	(17)	842.267	(224)	0	(224)	
BB:8:4:32:906	97	8632.39	(254)	7708.06	(253)	6769.59	(61)	5878.61	(64)	5030.12	(256)	4190.47	(256)	3330.8	(5)	2515.71	(21)	1714.89	(21)	854.267	(212)	0	(224)	
BB:8:4:33:165	97	8625.31	(254)	7706.98	(253)	6774.51	(61)	5889.53	(64)	5047.04	(256)	4204.57	(256)	3342.08	(5)	2524.17	(21)	1720.53	(21)	857.087	(211)	0	(224)	
BB:8:4:53:81
BB:8:4:56:785
BB:8:4:56:947	99	8647.68	(253)	7753.13	(256)	6867.16	(127)	5955.39	(119)	5039.35	(70)	4138.01	(66)	3259.98	(234)	2433.66	(234)	1608	(21)	806.639	(21)	0	(21)	
BB:8:4:57:507	99	8599.2	(45)	7722.85	(16)	6857.95	(15)	5938.22	(207)	5003.96	(242)	4100.3	(242)	3241.14	(250)	2429.31	(250)	1612.44	(53)	806.639	(21)	0	(21)	
BB:8:4:58:72	99	8587.45	(194)	7682.19	(242)	6764.44	(126)	5856.32	(125)	4954.34	(125)	4095.81	(125)	3274.27	(256)	2470.44	(256)	1630.98	(24)	806.639	(21)	0	(21)	
BB:8:4:59:987
BB:8:5:12:128
BB:8:5:12:411	101	9046.32	(126)	8064.79	(126)	7090.53	(126)	6177.84	(127)	5281.29	(127)	4362.52	(253)	3442.33	(213)	2532.43	(213)	1661.95	(220)	836.772	(44)	0	(24)	
BB:8:5:12:566	101	8779.59	(66)	7861.64	(122)	6979.93	(122)	6112.85	(118)	5252.06	(118)	4359.85	(245)	3425.16	(241)	2504.89	(221)	1656.91	(224)	836.772	(48)	0	(24)	
BB:8:5:13:790	101	8763.75	(214)	7825.45	(198)	6923.28	(198)	6051.49	(198)	5194.51	(242)	4297.62	(241)	3361.29	(125)	2482.86	(125)	1662.14	(128)	843.06	(192)	0	(24)	
BB:8:5:14:167	101	8717	(222)	7792.6	(206)	6884.83	(206)	6011.45	(208)	5161.81	(256)	4278.48	(253)	3372.43	(117)	2503.84	(117)	1663.3	(124)	843.876	(124)	0	(24)	
BB:8:5:14:339	101	8695.94	(214)	7769.36	(198)	6878.91	(198)	6018.84	(198)	5173.09	(242)	4283.75	(241)	3351.47	(125)	2476.17	(125)	1658.26	(128)	843.876	(128)	0	(24)	
BB:8:5:18:991	101	8684.11	(223)	7724.43	(205)	6814.22	(201)	5940.5	(201)	5093.1	(246)	4236.57	(246)	3326.38	(118)	2470.68	(126)	1661.98	(126)	836.772	(64)	0	(24)	
BB:8:5:19:926	101	8661.82	(224)	7716.67	(208)	6812.04	(208)	5954.75	(208)	5115.02	(256)	4240.78	(254)	3344.46	(118)	2498.34	(118)	1667.02	(122)	836.772	(60)	0	(24)	
BB:8:5:50:71
BB:8:5:53:775
BB:8:5:53:974	103	9253.21	(37)	8173.99	(37)	7153.8	(205)	6195.47	(205)	5269.99	(207)	4396.84	(207)	3525.49	(254)	2632.37	(254)	1725.19	(114)	855.24	(114)	0	(122)	
BB:8:5:54:69	103	9080.51	(34)	8036.53	(45)	7053.08	(205)	6114.1	(205)	5216.33	(207)	4360.02	(207)	3487.13	(254)	2600.26	(246)	1713.54	(118)	855.24	(118)	0	(122)	
BB:8:5:56:128	103	9028.29	(52)	7962.16	(256)	6992.32	(256)	6078.48	(256)	5217.46	(256)	4381.21	(256)	3520.25	(206)	2633.48	(198)	1729.14	(70)	855.24	(118)	0	(122)	
BB:8:5:58:274
BB:8:6:9:134
BB:8:6:9:393	105	9573.37	(222)	8454.63	(18)	7393.97	(18)	6352.92	(17)	5357.72	(221)	4406.86	(221)	3513.24	(237)	2660.54	(239)	1800.4	(207)	905.28	(198)	0	(70)	
BB:8:6:15:219	105	9454.5	(256)	8334.34	(49)	7292.49	(49)	6286.31	(33)	5300.84	(237)	4355.69	(224)	3486	(224)	2659.13	(224)	1806.47	(224)	905.28	(198)	0	(70)	
BB:8:6:34:822
BB:8:6:38:521
BB:8:6:38:680	107	10192.7	(256)	8949.06	(256)	7776.7	(256)	6638.44	(49)	5575.78	(49)	4545.28	(33)	3544.06	(237)	2588.02	(224)	1709.27	(224)	860.856	(224)	0	(224)	
BB:8:6:39:962	107	10062.1	(256)	8817.07	(256)	7663.93	(255)	6565.37	(51)	5522.68	(50)	4517.5	(34)	3532.9	(238)	2585.44	(222)	1711.13	(222)	860.856	(224)	0	(224)	
BB:8:6:40:271	107	9963.21	(256)	8782.4	(256)	7669.94	(255)	6587.91	(179)	5548.64	(114)	4545.97	(98)	3566.36	(110)	2618.26	(94)	1723.46	(94)	860.856	(224)	0	(224)	
BB:8:6:43:612
BB:8:6:53:581
BB:8:6:53:802	109	11014.4	(208)	9707.93	(208)	8428.22	(256)	7227.69	(255)	6090.72	(255)	4978.86	(178)	3924.81	(114)	2894.94	(98)	1888.75	(110)	917.423	(94)	0	(94)	
BB:8:6:54:325	109	10925.5	(248)	9666.03	(248)	8417.97	(248)	7217.96	(243)	6082.41	(207)	4997.35	(142)	3961.21	(78)	2936.86	(98)	1929.55	(98)	935.279	(82)	0	(94)	
BB:8:6:54:408	109	10639.5	(244)	9401.74	(244)	8187.38	(244)	7041.94	(255)	5961.15	(207)	4905.5	(142)	3893.8	(70)	2904.5	(102)	1920.12	(102)	935.279	(86)	0	(94)	
BB:8:6:56:360	109	10631	(208)	9397.28	(200)	8188.12	(248)	7049.25	(247)	5972.85	(247)	4907.31	(182)	3885.48	(118)	2896.81	(102)	1898.21	(102)	917.423	(94)	0	(94)	
BB:8:6:56:462	109	10489.8	(240)	9303.55	(208)	8113.39	(208)	6962.3	(199)	5878.15	(247)	4828.11	(182)	3841.92	(118)	2886.97	(118)	1898.21	(118)	917.423	(94)	0	(94)	
BB:8:7:4:223
BB:8:7:9:5
BB:8:7:9:161	111	11204.4	(256)	9966.69	(256)	8738.83	(256)	7516.33	(200)	6309.49	(200)	5153.75	(199)	4058.66	(183)	2979.12	(118)	1973.18	(118)	1000.14	(118)	0	(118)	
BB:8:7:10:372	111	11134.2	(32)	9913.48	(48)	8684.96	(48)	7446.86	(200)	6246.1	(200)	5109.93	(199)	4043.39	(247)	2993.83	(246)	1988.96	(246)	1000.14	(118)	0	(118)	
BB:8:7:10:794
BB:8:7:24:356
BB:8:7:24:578	113	11312.1	(157)	10103.1	(29)	8899.17	(45)	7694.61	(48)	6481.57	(16)	5298	(200)	4134.64	(200)	3026.1	(248)	1996.89	(247)	983.22	(247)	0	(246)	
BB:8:7:24:773	113	11102.8	(159)	9899.56	(31)	8729.07	(45)	7576.34	(45)	6378.43	(13)	5193.65	(200)	4050.52	(200)	2982.72	(248)	1987.17	(248)	983.22	(248)	0	(246)	
BB:8:7:27:177	113	10993.4	(143)	9814.24	(15)	8667.88	(13)	7522.98	(45)	6343.89	(45)	5154.74	(216)	4031.74	(216)	2998.98	(216)	2001.03	(216)	983.22	(248)	0	(246)	
BB:8:7:30:588
BB:8:7:39:575
BB:8:7:39:733	115	12008.1	(114)	10708.6	(131)	9419.79	(143)	8183.34	(15)	6994.03	(13)	5793.5	(45)	4569.54	(45)	3334.4	(216)	2164.91	(216)	1064.87	(216)	0	(216)	
BB:8:7:40:420	115	11929.9	(113)	10646	(131)	9372.84	(143)	8151.98	(15)	6967.32	(14)	5771.03	(46)	4558.19	(46)	3342.11	(214)	2170.9	(214)	1064.87	(216)	0	(216)	
BB:8:7:40:945	115	11900.1	(241)	10643.3	(179)	9375.93	(143)	8151.79	(79)	6948.6	(78)	5742.24	(110)	4558.67	(110)	3376.79	(86)	2194	(86)	1064.87	(216)	0	(216)	
BB:8:7:41:805
BB:8:7:54:698
BB:8:7:54:866	117	12333.1	(49)	11119.7	(49)	9894.26	(241)	8626.86	(253)	7338.66	(207)	6086.47	(207)	4845.14	(142)	3578.02	(110)	2351.28	(102)	1175.04	(86)	0	(86)	
BB:8:7:54:957	117	12273.1	(33)	11103	(33)	9895.26	(209)	8641.1	(209)	7359.01	(223)	6096.97	(223)	4849.5	(158)	3593.04	(78)	2367.72	(70)	1185.54	(70)	0	(86)	
BB:8:7:58:398
BB:8:8:10:104
BB:8:8:10:364	119	13203.1	(242)	11898.4	(242)	10576.4	(242)	9268.13	(242)	7955.78	(244)	6614.04	(243)	5253.43	(159)	3900.71	(93)	2568.43	(93)	1255.2	(77)	0	(70)	
BB:8:8:10:509	119	13135.5	(248)	11785.5	(246)	10463	(254)	9194.77	(254)	7912.88	(254)	6579.04	(243)	5238.36	(147)	3890.16	(81)	2563.8	(81)	1255.68	(65)	0	(70)	
BB:8:8:11:670	119	13083.8	(248)	11783.1	(246)	10467.3	(246)	9198.52	(242)	7918.07	(242)	6592.74	(243)	5264.3	(147)	3924.73	(81)	2584.03	(93)	1260	(73)	0	(70)	
BB:8:8:12:294	119	13032.6	(242)	11745.8	(242)	10441.6	(242)	9163.89	(242)	7877.93	(244)	6554.09	(179)	5208.43	(31)	3881.4	(29)	2571.43	(29)	1262.7	(13)	0	(70)	
BB:8:8:12:904	119	12937.3	(216)	11627.9	(214)	10328.1	(254)	9090.53	(254)	7835.03	(254)	6519.09	(179)	5193.36	(19)	3870.85	(17)	2566.8	(17)	1263.18	(1)	0	(70)	
BB:8:8:15:713	119	12885.6	(216)	11625.5	(214)	10332.4	(246)	9094.28	(242)	7840.22	(242)	6532.79	(179)	5219.3	(19)	3905.42	(17)	2587.03	(29)	1267.5	(9)	0	(70)	
BB:8:9:10:695
BB:8:9:14:396
BB:8:9:14:635	121	13663.8	(213)	12270	(246)	10879.4	(246)	9490.9	(242)	8144.34	(242)	6814.57	(242)	5463.74	(244)	4094.11	(163)	2713.56	(31)	1350.22	(29)	0	(29)	
BB:8:9:15:196	121	13590.3	(216)	12222.7	(216)	10851.7	(216)	9473.21	(216)	8105.35	(246)	6794.37	(242)	5475.04	(242)	4111.94	(162)	2728.75	(19)	1370.22	(19)	0	(29)	
BB:8:9:16:788	121	13512.3	(216)	12162.4	(216)	10802.6	(216)	9432.74	(214)	8086.01	(242)	6790.89	(242)	5459.94	(242)	4095.67	(164)	2717.78	(19)	1355.74	(31)	0	(29)	
BB:8:9:27:43
BB:8:9:30:766
BB:8:9:31:5	123	13933.1	(156)	12429.4	(8)	10965	(24)	9535.19	(24)	8122.98	(216)	6759.6	(214)	5416.36	(210)	4098.49	(210)	2759.11	(226)	1390.94	(228)	0	(19)	
BB:8:9:31:138	123	13651.7	(140)	12203	(8)	10817.5	(24)	9449.75	(24)	8098.51	(216)	6759.01	(214)	5389.61	(210)	4076.85	(242)	2755.03	(242)	1390.94	(244)	0	(19)	
BB:8:10:12:861
BB:8:10:16:555
BB:8:10:16:762	125	13879.8	(37)	12384.2	(232)	10923.4	(216)	9488.5	(216)	8096.66	(216)	6697.03	(216)	5304.12	(248)	3942.25	(246)	2588.56	(242)	1301.94	(242)	0	(242)	
BB:8:10:18:368	125	13772.6	(101)	12275	(168)	10788	(140)	9345.8	(8)	7965.74	(24)	6603.96	(24)	5245.02	(216)	3926.94	(214)	2595.54	(210)	1301.94	(242)	0	(242)	
BB:8:10:18:555	125	13770.9	(85)	12277.9	(152)	10801.2	(156)	9363.8	(8)	7989.74	(24)	6633.96	(24)	5281.02	(216)	3950.94	(214)	2601.54	(194)	1301.94	(242)	0	(242)	
BB:8:10:22:515
BB:8:10:31:845
BB:8:10:32:55	127	13987.1	(21)	12546.5	(149)	11086	(133)	9619.85	(80)	8177.02	(112)	6763.55	(104)	5374.45	(88)	4031.24	(216)	2703.09	(216)	1370.27	(214)	0	(194)	
BB:8:10:34:720	127	13961.9	(21)	12498.1	(152)	11043.9	(136)	9591.09	(72)	8156.74	(112)	6758.21	(104)	5371.63	(88)	4026.92	(214)	2709.33	(214)	1370.27	(214)	0	(194)	
BB:8:10:38:443
BB:8:10:47:4
BB:8:10:47:198	129	14451.5	(85)	12991.7	(81)	11529	(85)	10028.7	(88)	8511.31	(168)	7013.08	(168)	5521.49	(12)	4079.58	(8)	2691.24	(24)	1333.56	(22)	0	(214)	
BB:8:10:47:309	129	14260.2	(21)	12797.4	(17)	11347.2	(21)	9875.63	(24)	8386.87	(168)	6917.32	(168)	5454.41	(76)	4041.18	(72)	2679.24	(88)	1333.56	(86)	0	(214)	
BB:8:10:50:462
BB:8:11:2:398
BB:8:11:2:629	131	14754.2	(96)	13221.9	(88)	11690.6	(21)	10200.7	(21)	8728.56	(21)	7264.2	(24)	5776.02	(152)	4294.56	(136)	2828.82	(68)	1388.94	(104)	0	(88)	
BB:8:11:2:894	131	14743.8	(96)	13211.6	(88)	11685.5	(21)	10198.3	(17)	8715.23	(37)	7240.63	(24)	5765.14	(152)	4291.08	(152)	2827.38	(72)	1389.78	(72)	0	(88)	
BB:8:11:4:889	131	14734.8	(96)	13202.6	(88)	11676.5	(21)	10192.3	(21)	8712.23	(37)	7243.63	(24)	5774.14	(152)	4306.08	(152)	2845.38	(72)	1401.78	(68)	0	(88)	
BB:8:11:5:47	131	14717.2	(88)	13190.6	(88)	11670.5	(21)	10189.3	(17)	8712.23	(37)	7243.63	(24)	5774.14	(152)	4306.08	(152)	2845.38	(72)	1401.78	(76)	0	(88)	
BB:8:11:7:338	131	14702.2	(88)	13175.6	(88)	11655.5	(21)	10174.3	(17)	8697.23	(37)	7228.63	(24)	5759.14	(152)	4291.08	(152)	2827.38	(76)	1389.78	(72)	0	(88)	
BB:8:11:47:26
BB:8:11:50:729
BB:8:11:50:942	133	15068	(158)	13513.3	(88)	11972.5	(88)	10434.4	(88)	8897.81	(149)	7402.39	(145)	5901.88	(37)	4415.88	(24)	2945.88	(24)	1472.04	(24)	0	(76)	
BB:8:11:54:332	133	15046.9	(160)	13500.1	(88)	11952.5	(88)	10397.1	(86)	8861.27	(150)	7352.05	(146)	5861.26	(37)	4403.46	(21)	2947.74	(21)	1472.04	(24)	0	(76)	
BB:8:12:2:696
BB:8:12:6:397
BB:8:12:6:606	135	15117	(222)	13577.3	(221)	12026.8	(93)	10473.9	(88)	8922.49	(88)	7381.48	(152)	5868.48	(152)	4379	(148)	2899.43	(37)	1452.58	(21)	0	(21)	
BB:8:12:14:143
BB:8:12:21:741
BB:8:12:21:959	137	15511.7	(86)	13902.8	(85)	12309.9	(29)	10747.1	(224)	9178.37	(160)	7617.24	(88)	6070.01	(88)	4533.37	(88)	3004.18	(152)	1492.98	(145)	0	(37)	
BB:8:12:22:79	137	15465.5	(6)	13872.2	(157)	12299.7	(157)	10755.2	(96)	9203.81	(96)	7637.16	(88)	6067.85	(216)	4524.13	(216)	3004.18	(216)	1492.98	(209)	0	(37)	
BB:8:12:22:417	137	15456.8	(8)	13862.9	(157)	12293.4	(157)	10756	(93)	9197.32	(96)	7630.8	(88)	6058.07	(216)	4510.93	(216)	2994.22	(216)	1496.4	(212)	0	(37)	
BB:8:12:41:123
BB:8:12:44:822
BB:8:12:45:50	139	15313	(214)	13771.7	(134)	12222.3	(22)	10662.2	(22)	9112.66	(173)	7595.32	(157)	6056.84	(96)	4533.61	(88)	3010.79	(88)	1498.34	(216)	0	(216)	
BB:8:12:45:345	139	15236.1	(216)	13683.6	(136)	12127.2	(24)	10576.8	(24)	9038.83	(176)	7537.56	(160)	6020.14	(94)	4517.95	(86)	3014.15	(86)	1505.6	(214)	0	(216)	
BB:8:12:47:701	139	15212.7	(216)	13661.7	(136)	12117.1	(24)	10578.8	(24)	9044.41	(176)	7540.14	(158)	6032.74	(94)	4531.81	(86)	3016.19	(86)	1498.34	(216)	0	(216)	
BB:8:12:56:139
BB:8:13:0:155
BB:8:13:0:403	141	15741.5	(213)	14120.6	(69)	12525.6	(88)	10932.9	(152)	9357.56	(152)	7776.36	(56)	6193.02	(46)	4635	(150)	3080.82	(90)	1544.64	(86)	0	(86)	
BB:8:13:0:681	141	15580.9	(216)	13992.3	(76)	12432.3	(88)	10876.7	(152)	9325.46	(152)	7749	(56)	6167.34	(38)	4624.38	(158)	3079.38	(94)	1546.92	(94)	0	(86)	
BB:8:13:1:132	141	15493.2	(224)	13924	(224)	12371.8	(216)	10815.9	(136)	9279.43	(24)	7729.61	(24)	6163.88	(158)	4631.94	(158)	3078.9	(126)	1549.68	(110)	0	(86)	
BB:8:13:1:361	141	15415.8	(208)	13853.3	(224)	12302.8	(216)	10760.7	(136)	9250.09	(24)	7714.07	(24)	6150.14	(158)	4620	(158)	3072.9	(126)	1549.68	(126)	0	(86)	
BB:8:13:16:460
BB:8:13:20:164
BB:8:13:20:427	143	15485.1	(88)	13930.9	(24)	12397.7	(8)	10824.3	(200)	9269.52	(160)	7723.86	(32)	6205.38	(32)	4673.58	(160)	3093.42	(158)	1546.44	(126)	0	(126)	
BB:8:13:22:578	143	15461.5	(112)	13899.9	(108)	12360.2	(24)	10809.9	(136)	9279.35	(152)	7736.52	(24)	6213.18	(16)	4664.28	(224)	3096.66	(222)	1557.48	(222)	0	(126)	
BB:8:13:30:6	143	15384.5	(152)	13863	(152)	12354.2	(8)	10802.1	(8)	9259.62	(32)	7717.08	(224)	6201.72	(224)	4673.58	(224)	3093.42	(222)	1546.44	(126)	0	(126)	
BB:8:14:16:928
BB:8:14:20:748
BB:8:14:20:997	145	15352.4	(88)	13790.4	(85)	12258.6	(153)	10735.9	(133)	9249.61	(21)	7759.74	(8)	6244.98	(24)	4697.16	(224)	3143.88	(224)	1574.64	(224)	0	(222)	
BB:8:14:24:638	145	15336.6	(96)	13746.9	(80)	12182.6	(157)	10649.3	(153)	9145.51	(5)	7642.14	(8)	6167.16	(24)	4680.36	(216)	3143.88	(216)	1574.64	(224)	0	(222)	
BB:8:14:41:895
BB:8:14:45:592
BB:8:14:45:778	147	15670.2	(174)	14015.7	(110)	12389.3	(96)	10772.8	(96)	9184.16	(157)	7626.53	(153)	6088.27	(5)	4553.62	(8)	3054.12	(24)	1548.3	(216)	0	(216)	
BB:8:14:49:830
BB:8:15:0:868
BB:8:15:1:141	149	16092.9	(214)	14416.4	(150)	12753.3	(86)	11089.2	(110)	9432.35	(96)	7787.1	(32)	6190.22	(157)	4624.31	(153)	3078.92	(5)	1520.23	(8)	0	(24)	
BB:8:15:1:301	149	16068.9	(214)	14398.4	(150)	12741.3	(86)	11083.2	(110)	9432.35	(96)	7793.1	(32)	6193.22	(157)	4621.31	(149)	3075.92	(5)	1520.23	(12)	0	(24)	
BB:8:15:1:440	149	16027.6	(232)	14343.4	(168)	12674.1	(86)	11013.6	(86)	9377.91	(94)	7749	(29)	6155.78	(157)	4602.22	(157)	3070.52	(13)	1520.23	(16)	0	(24)	
BB:8:15:2:155	149	15967.8	(229)	14298.1	(165)	12650.4	(88)	11011.7	(88)	9389.95	(96)	7774.44	(32)	6181.29	(160)	4615.87	(157)	3077.64	(13)	1527.06	(13)	0	(24)	
BB:8:15:6:527	149	15948	(224)	14277.7	(256)	12630.9	(94)	11003.7	(110)	9375.12	(96)	7760.46	(24)	6182.06	(149)	4620.11	(149)	3076.52	(9)	1520.23	(16)	0	(24)	
BB:8:15:6:660	149	15944.6	(224)	14275.5	(256)	12629.9	(94)	11004	(110)	9376.68	(96)	7763.28	(24)	6186.14	(149)	4619.45	(133)	3077.12	(25)	1520.23	(16)	0	(24)	
BB:8:15:39:377
BB:8:15:43:191
BB:8:15:43:444	151	16719.7	(30)	14975.9	(158)	13238.7	(158)	11525.7	(254)	9851.87	(254)	8156.98	(256)	6474.85	(92)	4807.78	(85)	3187.14	(85)	1576.14	(5)	0	(25)	
BB:8:15:44:580	151	16669	(30)	14936.4	(158)	13210.5	(158)	11508.7	(254)	9846.06	(254)	8160.59	(256)	6481.16	(88)	4821.91	(85)	3196.26	(85)	1580.82	(9)	0	(25)	
BB:8:15:45:400	151	16361.7	(238)	14695.8	(238)	13060.6	(222)	11447.1	(222)	9829.01	(222)	8143.47	(256)	6457.91	(124)	4798.66	(117)	3193.14	(117)	1582.14	(53)	0	(25)	
BB:8:15:52:790	151	16280.1	(238)	14628.4	(238)	13007.4	(222)	11408.2	(222)	9804.32	(222)	8133.94	(256)	6462.66	(120)	4815.96	(117)	3205.14	(117)	1588.26	(61)	0	(25)	
BB:8:16:44:619
BB:8:16:48:355
BB:8:16:48:606	153	16893.1	(85)	15142.4	(85)	13407	(104)	11704.2	(36)	10003.3	(20)	8294.56	(154)	6643.35	(154)	4964.24	(154)	3276.22	(118)	1622.16	(117)	0	(117)	
BB:8:16:48:735	153	16865.6	(86)	15117.8	(86)	13377.7	(101)	11672	(33)	9972.55	(20)	8281.13	(156)	6640.35	(156)	4961.24	(154)	3276.22	(118)	1628.16	(118)	0	(117)	
BB:8:16:51:425	153	16749	(104)	15019.1	(104)	13303.6	(104)	11632.3	(48)	9964.48	(48)	8278.29	(158)	6649.59	(158)	4980.2	(158)	3289.78	(126)	1622.16	(117)	0	(117)	
BB:8:17:4:179
BB:8:17:7:893
BB:8:17:8:150	155	17093	(24)	15295.4	(216)	13523.1	(216)	11789.5	(216)	10061.1	(224)	8368.83	(224)	6697.75	(224)	5007.71	(158)	3349.17	(190)	1670.33	(190)	0	(126)	
BB:8:17:8:281	155	16889.7	(152)	15125.4	(24)	13385.1	(24)	11666.5	(24)	9941.33	(224)	8279.01	(224)	6653.71	(224)	4997.63	(222)	3349.17	(254)	1670.33	(254)	0	(126)	
BB:8:17:16:446
BB:8:17:23:172
BB:8:17:23:370	157	17130.1	(69)	15308.1	(133)	13534.1	(149)	11803.5	(24)	10084.4	(24)	8371.3	(24)	6652.69	(224)	4975.58	(224)	3320.31	(224)	1650.47	(206)	0	(254)	
BB:8:17:24:791	157	16985.4	(98)	15132.3	(162)	13360.3	(154)	11664.6	(26)	9964.34	(22)	8298.94	(21)	6633.49	(213)	4969.34	(216)	3311.43	(216)	1650.47	(224)	0	(254)	
BB:8:17:26:187
BB:8:17:38:473
BB:8:17:38:657	159	17609.2	(94)	15643.7	(78)	13732.7	(78)	11872.4	(142)	10083.5	(154)	8351.86	(25)	6628.33	(21)	4950.64	(24)	3302.22	(216)	1659.96	(216)	0	(216)	
BB:8:17:39:54	159	17595	(30)	15624.7	(14)	13719	(14)	11863	(142)	10078.4	(154)	8354	(153)	6627.07	(85)	4968.1	(88)	3348.18	(88)	1684.92	(88)	0	(216)	
BB:8:17:40:335	159	17575.2	(94)	15624.7	(78)	13728.8	(78)	11875.4	(78)	10081.9	(154)	8351.32	(153)	6621.59	(21)	4953.82	(24)	3316.68	(24)	1659.96	(216)	0	(216)	
BB:8:17:40:393	159	17458.9	(30)	15507.1	(14)	13619.8	(14)	11783.3	(142)	10018.4	(154)	8307.56	(89)	6604.15	(85)	4953.82	(88)	3316.68	(88)	1659.96	(216)	0	(216)	
BB:8:17:42:450
BB:8:17:53:701
BB:8:17:53:878	161	18230.3	(254)	16216.6	(254)	14252.4	(190)	12291.4	(46)	10397.7	(46)	8558.2	(42)	6771.18	(154)	5049.86	(145)	3331.87	(81)	1660.39	(88)	0	(88)	
BB:8:17:54:59	161	18200.5	(256)	16160.2	(254)	14172.2	(190)	12208.2	(46)	10324.9	(46)	8500.75	(42)	6738.04	(154)	5045.7	(146)	3352.2	(82)	1678.38	(86)	0	(88)	
BB:8:17:54:573	161	18058.5	(256)	16044.9	(254)	14083.6	(190)	12146.5	(46)	10290.2	(46)	8489.56	(42)	6741.42	(154)	5046.98	(146)	3331.87	(82)	1660.39	(88)	0	(88)	
BB:8:17:54:745	161	18016.9	(241)	16035.8	(254)	14080.1	(190)	12128.9	(46)	10282.6	(46)	8493.76	(46)	6746.1	(158)	5054.42	(154)	3336.07	(90)	1660.39	(88)	0	(88)	
BB:8:17:54:808	161	18005.6	(206)	16003.5	(238)	14050.4	(174)	12125.6	(46)	10285.1	(46)	8480.8	(46)	6729.9	(158)	5046.26	(157)	3336.07	(93)	1660.39	(88)	0	(88)	
BB:8:17:54:874	161	17837	(205)	15831.9	(238)	13881.6	(174)	11980.7	(46)	10177.6	(46)	8412.16	(46)	6700.14	(158)	5043.38	(158)	3336.07	(94)	1660.39	(88)	0	(88)	
BB:8:17:55:513	161	17761.2	(65)	15817.7	(78)	13881.7	(14)	11984	(62)	10161.6	(62)	8395.13	(190)	6716.71	(190)	5071.29	(190)	3355.33	(126)	1660.39	(88)	0	(88)	
BB:8:17:58:314
BB:8:18:8:944
BB:8:18:9:102	163	17960.6	(81)	16097	(65)	14197.3	(1)	12262.1	(14)	10349.4	(142)	8484.17	(190)	6701.83	(190)	4973.68	(62)	3324.6	(62)	1704.54	(62)	0	(126)	
BB:8:18:9:212	163	17865.7	(145)	16023.6	(65)	14169.5	(65)	12269.3	(78)	10369	(78)	8504.23	(62)	6728.14	(62)	5001.67	(62)	3337.73	(190)	1709.78	(190)	0	(126)	
BB:8:18:11:785
BB:8:18:24:136
BB:8:18:24:305	165	18645	(82)	16747.4	(82)	14851.4	(65)	12934.2	(65)	11005.6	(77)	9029.52	(14)	7094.91	(62)	5213.22	(62)	3397.8	(62)	1654.92	(190)	0	(190)	
BB:8:18:24:412	165	18472.3	(146)	16607.9	(146)	14739.8	(129)	12847.7	(65)	10958.8	(77)	9010.52	(78)	7079.67	(126)	5189.88	(62)	3390.36	(62)	1656.96	(62)	0	(190)	
BB:8:18:25:270	165	17991.6	(218)	16178.1	(154)	14373.6	(145)	12577.2	(81)	10784.5	(81)	8938.02	(82)	7072.86	(66)	5211.24	(14)	3408.36	(14)	1656.96	(62)	0	(190)	
BB:8:18:25:332	165	17913.6	(202)	16086.6	(138)	14267.1	(129)	12467.7	(81)	10696	(81)	8890.02	(82)	7060.86	(82)	5211.24	(30)	3408.36	(30)	1656.96	(62)	0	(190)	
BB:8:18:25:427	165	17909.5	(138)	16073.4	(138)	14239.2	(1)	12440.1	(17)	10665.8	(17)	8857.26	(18)	7037.52	(82)	5209.32	(94)	3408.36	(94)	1656.96	(126)	0	(190)	
BB:8:18:27:578
BB:8:18:39:397
BB:8:18:39:567	167	18681	(237)	16774.5	(206)	14880.9	(206)	12957	(194)	11075.1	(1)	9225.55	(17)	7398.3	(17)	5512.24	(18)	3659.32	(94)	1828.96	(94)	0	(94)	
BB:8:18:39:800	167	18672.2	(228)	16720	(206)	14821.9	(202)	12920	(202)	11029	(9)	9155.49	(17)	7329.31	(17)	5490.55	(18)	3685.02	(82)	1850.15	(82)	0	(94)	
BB:8:18:39:878	167	18376.2	(228)	16465.6	(206)	14609	(202)	12748.6	(202)	10899.1	(9)	9067.16	(21)	7282.51	(21)	5473.75	(22)	3683.82	(86)	1850.15	(86)	0	(94)	
BB:8:18:40:831	167	18341.5	(228)	16438.5	(238)	14577	(202)	12726.2	(202)	10897.9	(73)	9075.2	(69)	7279.03	(21)	5482.75	(22)	3694.32	(22)	1850.15	(86)	0	(94)	
BB:8:18:41:271	167	18240.8	(36)	16350.8	(14)	14493.7	(10)	12667.1	(202)	10870.6	(201)	9063.35	(213)	7286.29	(213)	5497.39	(214)	3703.08	(214)	1850.15	(86)	0	(94)	
BB:8:18:41:711
BB:8:18:54:702
BB:8:18:54:870	169	18772.4	(44)	16863.5	(28)	14896.9	(20)	12956.4	(18)	11046.4	(18)	9167.39	(194)	7337.06	(193)	5510.88	(193)	3676.86	(197)	1832.88	(214)	0	(214)	
BB:8:18:55:18	169	18713	(44)	16835.5	(44)	14878.9	(36)	12933.1	(18)	11038.3	(18)	9179.09	(210)	7347.5	(209)	5508.6	(193)	3685.86	(197)	1843.38	(198)	0	(214)	
BB:8:18:55:207	169	18557.5	(42)	16669.6	(26)	14766.6	(17)	12886.2	(17)	10984.6	(1)	9119.47	(196)	7323.55	(196)	5509.38	(196)	3696.18	(216)	1850.16	(216)	0	(214)	
BB:8:18:55:359	169	18441.4	(42)	16586	(42)	14694	(33)	12824.3	(17)	10945	(17)	9094.63	(212)	7297.99	(212)	5495.1	(196)	3705.18	(200)	1860.66	(200)	0	(214)	
BB:8:18:57:509
BB:8:19:9:869
BB:8:19:10:60	171	19581.7	(166)	17602.1	(150)	15624.8	(30)	13654.5	(26)	11651.6	(9)	9664.52	(17)	7680.96	(17)	5701.41	(212)	3781.92	(212)	1878.18	(196)	0	(200)	
BB:8:19:14:84
BB:8:19:25:116
BB:8:19:25:347	173	20241.5	(214)	18187	(146)	16149.2	(134)	14123.4	(6)	12107.3	(6)	10075.3	(29)	8031.46	(25)	5970.41	(25)	3938.14	(212)	1949.6	(212)	0	(212)	
BB:8:19:25:930	173	20235.8	(86)	18175.5	(82)	16121.9	(198)	14096.3	(134)	12072	(134)	10023.8	(29)	7977.22	(25)	5954.81	(25)	3963.16	(20)	1967.18	(20)	0	(212)	
BB:8:19:26:480	173	20165.3	(216)	18116.1	(148)	16078.3	(152)	14058.2	(24)	12046	(5)	10026.7	(13)	7978.2	(9)	5941.68	(26)	3956.28	(210)	1968.72	(210)	0	(212)	
BB:8:19:27:851	173	20160.6	(88)	18105.6	(84)	16052.1	(216)	14032	(152)	12011.2	(133)	9975.26	(13)	7923.96	(9)	5926.08	(26)	3981.3	(18)	1986.3	(18)	0	(212)	
BB:8:19:29:684	173	20137.4	(24)	18090.9	(18)	16055.8	(6)	14039.8	(6)	12028.3	(134)	9995.38	(158)	7951.6	(89)	5958.31	(89)	3955.91	(81)	1949.6	(212)	0	(212)	
BB:8:19:32:963	173	20136.3	(88)	18078.7	(212)	16039.8	(152)	14027	(152)	12006.5	(5)	9985.34	(13)	7939.8	(9)	5940.84	(26)	3970.14	(18)	1968.72	(210)	0	(212)	
BB:8:19:33:19	173	20100.5	(24)	18069.4	(20)	16044.4	(24)	14032	(24)	12010.2	(133)	9987.74	(141)	7937.4	(73)	5940.84	(90)	3970.14	(82)	1968.72	(210)	0	(212)	
BB:8:19:34:328	173	20098.6	(104)	18048.9	(98)	16014.4	(230)	14006.3	(150)	12014	(150)	9985.9	(30)	7950.16	(25)	5955.55	(9)	3973.07	(1)	1967.18	(20)	0	(212)	
BB:8:19:36:7	173	20052.6	(104)	18023.4	(228)	16001.1	(168)	14004.1	(152)	12008	(21)	9996.26	(29)	7951.26	(9)	5952.84	(10)	3976.14	(2)	1968.72	(210)	0	(212)	
BB:8:19:36:67	173	20016.8	(40)	18014.1	(36)	16005.7	(40)	14009.2	(24)	12011.7	(149)	9998.66	(157)	7948.86	(73)	5952.84	(74)	3976.14	(66)	1968.72	(210)	0	(212)	
BB:8:19:48:474
BB:8:19:52:182
BB:8:19:52:397	175	20326.1	(216)	18237.9	(232)	16188.9	(229)	14156.8	(97)	12103.9	(101)	10061.4	(152)	8043.25	(152)	6004.07	(96)	3962.96	(92)	1965.36	(74)	0	(66)	
BB:8:19:52:972	175	20063.2	(197)	18057.4	(197)	16073	(213)	14077.9	(81)	12077	(88)	10059.8	(152)	8033	(168)	6004.07	(112)	3980.96	(112)	1977.36	(110)	0	(66)	
BB:8:19:56:721	175	19985.5	(197)	17964.1	(200)	15972	(216)	13996.8	(84)	12025.7	(88)	10033.2	(152)	8016.07	(165)	6002.34	(109)	3984.42	(109)	1977.36	(110)	0	(66)	
BB:8:20:4:186
BB:8:20:7:882
BB:8:20:8:157	177	20190.6	(26)	18136	(217)	16074.7	(133)	14009.6	(136)	11993.5	(24)	10020.4	(24)	8062.86	(24)	6082.2	(24)	4054.08	(17)	2030.82	(109)	0	(109)	
BB:8:20:8:783	177	20175.3	(90)	18115.6	(25)	16043.1	(197)	13996.9	(136)	12005.1	(152)	10026.3	(24)	8066.46	(24)	6086.4	(24)	4072.08	(17)	2045.82	(61)	0	(109)	
BB:8:20:10:414	177	20145.8	(90)	18091.9	(25)	16025.4	(197)	13973	(136)	11971.5	(152)	9995.11	(24)	8037.66	(24)	6060	(24)	4048.08	(17)	2033.82	(45)	0	(109)	
BB:8:20:10:490	177	20144.1	(86)	18078.4	(21)	16006.2	(197)	13945.4	(132)	11938.5	(148)	9956.11	(24)	8001.66	(24)	6048	(24)	4048.08	(21)	2033.82	(45)	0	(109)	
BB:8:20:19:483
BB:8:20:23:181
BB:8:20:23:349	179	20071.2	(214)	18011.6	(214)	15957.6	(218)	13913.1	(217)	11873	(5)	9844.89	(8)	7852.09	(148)	5908.71	(152)	3965.1	(24)	2000.76	(24)	0	(21)	
BB:8:20:24:645	179	19910.3	(22)	17903.8	(22)	15898.8	(26)	13890.2	(217)	11874.8	(197)	9851.67	(200)	7860.43	(212)	5911.35	(216)	3971.82	(216)	2000.76	(24)	0	(21)	
BB:8:20:25:893
BB:8:20:38:350
BB:8:20:38:533	181	19963.6	(32)	17947.1	(22)	15921.2	(22)	13880.2	(214)	11866.2	(218)	9865.74	(218)	7867.8	(193)	5867.87	(196)	3891.29	(216)	1947.86	(216)	0	(216)	
BB:8:20:40:32	181	19902.9	(32)	17882.3	(22)	15864.2	(214)	13846.2	(150)	11843.5	(154)	9841.98	(90)	7857.72	(65)	5869.37	(68)	3896.69	(88)	1947.86	(216)	0	(216)	
BB:8:20:46:378
BB:8:20:53:735
BB:8:20:53:959	183	20492	(216)	18401.7	(26)	16324.8	(22)	14280	(18)	12229.2	(150)	10183.2	(150)	8154.91	(150)	6128.82	(89)	4087.37	(69)	2030.96	(68)	0	(88)	
BB:8:20:54:788	183	20467.2	(213)	18355	(29)	16246.7	(24)	14200.2	(28)	12166.4	(156)	10132	(150)	8120.64	(150)	6117.78	(86)	4093.44	(66)	2035.98	(77)	0	(88)	
BB:8:20:54:916	183	20458.5	(213)	18349	(29)	16237.7	(24)	14188.2	(28)	12151.4	(156)	10114	(150)	8099.64	(150)	6102.78	(86)	4084.44	(66)	2035.98	(78)	0	(88)	
BB:8:20:58:176	183	20399.6	(213)	18303.1	(25)	16202.6	(24)	14170.2	(20)	12156.6	(152)	10131.9	(150)	8122.2	(150)	6114.18	(82)	4088.64	(78)	2035.98	(78)	0	(88)	
BB:8:21:11:588
BB:8:21:15:406
BB:8:21:15:641	185	20216.2	(218)	18088.8	(214)	16002.4	(213)	13947.7	(25)	11887.1	(24)	9893.28	(20)	7914.96	(152)	5933.82	(150)	3974.4	(150)	1996.86	(82)	0	(78)	
BB:8:21:15:814	185	20138.5	(216)	18008.1	(213)	15929.6	(213)	13899.8	(25)	11882.6	(28)	9908.82	(24)	7934.16	(152)	5955.84	(150)	3980.4	(146)	1996.86	(94)	0	(78)	
BB:8:21:16:137	185	20083.3	(26)	17981.1	(22)	15925.9	(21)	13898.8	(25)	11858.8	(216)	9875.7	(212)	7906.2	(216)	5926.62	(214)	3965.04	(214)	1999.62	(210)	0	(78)	
BB:8:21:19:231	185	20070.5	(22)	17974.3	(22)	15924.3	(21)	13903.1	(25)	11871.2	(220)	9890.7	(216)	7924.2	(216)	5941.62	(214)	3971.04	(210)	1999.62	(210)	0	(78)	
BB:8:21:19:299	185	20005.5	(24)	17900.4	(21)	15853.1	(21)	13850.9	(25)	11854.3	(220)	9891.24	(216)	7925.4	(216)	5948.64	(214)	3971.04	(210)	1999.62	(222)	0	(78)	
BB:8:21:19:357	185	19998.2	(26)	17908.3	(22)	15864.3	(21)	13863.3	(21)	11859.3	(212)	9894.24	(212)	7925.4	(216)	5945.64	(214)	3971.04	(214)	1999.62	(222)	0	(78)	
BB:8:21:35:58
BB:8:21:38:755
BB:8:21:38:982	187	20304.4	(150)	18177.8	(170)	16064	(25)	13965.3	(21)	11905.4	(21)	9883.68	(24)	7879.7	(212)	5911.92	(212)	3948.24	(216)	1972.38	(214)	0	(214)	
BB:8:22:2:700
BB:8:22:6:409
BB:8:22:6:710	189	20686.3	(110)	18557.5	(166)	16424.8	(150)	14286.5	(170)	12162.6	(25)	10053.8	(21)	7992.56	(21)	5977.27	(24)	3950.88	(212)	1962.12	(212)	0	(216)	
BB:8:22:7:3	189	20616.9	(46)	18499.7	(38)	16374.7	(22)	14240.1	(42)	12119.5	(153)	10014	(149)	7956.62	(149)	5948.29	(88)	3945.66	(84)	1967.58	(84)	0	(216)	
BB:8:22:11:73	189	20592.7	(46)	18483.6	(38)	16361	(22)	14223.4	(170)	12110.8	(153)	10012.1	(149)	7960.46	(85)	5962.99	(88)	3952.74	(84)	1962.12	(212)	0	(216)	
BB:8:22:11:132	189	20584.7	(48)	18466.4	(40)	16342.7	(24)	14211.6	(44)	12096.7	(154)	9996.36	(150)	7946.94	(150)	5947.5	(85)	3952.92	(81)	1967.58	(84)	0	(216)	
BB:8:22:12:351	189	20560.6	(48)	18450.3	(40)	16329	(24)	14194.9	(172)	12088	(154)	9994.5	(150)	7950.78	(86)	5962.2	(85)	3960	(81)	1962.12	(212)	0	(216)	
BB:8:22:32:950
BB:8:22:36:654
BB:8:22:36:909	191	20982.1	(29)	18840	(32)	16697.7	(48)	14583.4	(40)	12457.5	(24)	10311.9	(172)	8187.65	(154)	6078.18	(150)	4018.74	(86)	2014.44	(85)	0	(81)	
BB:8:22:39:420	191	20966.7	(21)	18841.1	(41)	16692.6	(40)	14578.3	(24)	12459.1	(28)	10320.5	(168)	8208.35	(150)	6100.14	(150)	4025.46	(94)	2014.44	(89)	0	(81)	
BB:8:22:40:974	191	20964.9	(21)	18839.9	(41)	16692.1	(40)	14578.4	(24)	12458.7	(28)	10319.6	(168)	8214.66	(150)	6115.5	(150)	4036.02	(110)	2014.44	(89)	0	(81)	
BB:8:22:41:41	191	20964.7	(21)	18839.8	(41)	16692.1	(40)	14578.4	(24)	12458.6	(28)	10319.5	(168)	8214.48	(150)	6115.38	(150)	4036.02	(126)	2014.44	(89)	0	(81)	
BB:8:22:53:269
BB:8:22:56:989
BB:8:22:57:227	193	21039	(117)	18901.3	(125)	16768.5	(64)	14649	(64)	12542.5	(64)	10475.6	(64)	8375.95	(64)	6236.24	(192)	4139.6	(190)	2065.63	(190)	0	(126)	
BB:8:22:57:376	193	21026.6	(245)	18858.9	(253)	16718.7	(256)	14602.2	(256)	12506.3	(256)	10449.8	(256)	8362.21	(256)	6232.16	(256)	4139.6	(254)	2065.63	(254)	0	(126)	
BB:8:22:57:666	193	20789.5	(70)	18703.4	(70)	16633.4	(21)	14567.7	(17)	12486.3	(20)	10419.5	(56)	8325.12	(56)	6208.4	(184)	4141.22	(182)	2071.03	(182)	0	(126)	
BB:8:22:57:888	193	20722.1	(70)	18651.4	(70)	16596.9	(21)	14546.5	(17)	12479.4	(20)	10426.8	(56)	8346.55	(56)	6237.56	(184)	4153.46	(182)	2071.63	(186)	0	(126)	
BB:8:22:58:319	193	20664.6	(162)	18585.2	(38)	16536.9	(5)	14494.1	(97)	12443	(84)	10405.4	(88)	8326.12	(56)	6229.22	(56)	4150.67	(54)	2072.46	(58)	0	(126)	
BB:8:23:1:121	193	20632.8	(102)	18572	(38)	16521.1	(1)	14466.4	(81)	12395.1	(84)	10360.4	(120)	8306.69	(56)	6217.34	(56)	4138.67	(54)	2066.46	(62)	0	(126)	
BB:8:23:1:195	193	20620	(70)	18570.3	(70)	16524	(17)	14478.8	(17)	12413.9	(20)	10381.8	(56)	8327.11	(56)	6225.68	(184)	4141.46	(182)	2065.63	(190)	0	(126)	
BB:8:23:14:206
BB:8:23:17:889
BB:8:23:18:117	195	20811.5	(88)	18700.1	(74)	16602.9	(74)	14501.5	(102)	12440.1	(37)	10400.2	(33)	8363.42	(20)	6336.12	(24)	4243.5	(24)	2105.33	(184)	0	(182)	
BB:8:23:30:673
BB:8:23:34:368
BB:8:23:34:560	197	20432	(214)	18337.8	(96)	16241.4	(92)	14163.1	(74)	12100.3	(70)	10067.9	(101)	8100.6	(33)	6107.01	(36)	4087.43	(20)	2074.2	(24)	0	(24)	
BB:8:23:35:592	197	20343	(212)	18260.1	(80)	16185.5	(80)	14140.1	(112)	12112	(112)	10090.7	(109)	8120.93	(45)	6121.22	(48)	4093.43	(32)	2074.2	(24)	0	(24)	
BB:8:23:35:752	197	20315.2	(212)	18235.2	(80)	16163.5	(80)	14125.1	(112)	12104.1	(112)	10088.2	(112)	8110.78	(48)	6118.52	(46)	4098.6	(30)	2074.2	(24)	0	(24)	
BB:8:23:35:925	197	20275.5	(26)	18213.5	(82)	16157.4	(88)	14123.6	(66)	12105.1	(70)	10079.3	(117)	8107.57	(49)	6129.57	(52)	4104.71	(52)	2074.2	(24)	0	(24)	
BB:8:23:38:847
BB:8:23:49:677
BB:8:23:49:906	199	20447.4	(200)	18367.4	(24)	16317.1	(92)	14269.6	(90)	12207.4	(86)	10158.3	(70)	8103.75	(69)	6049.06	(53)	4049.17	(49)	2043.91	(52)	0	(52)	
BB:8:23:50:117	199	20424.5	(200)	18336.7	(22)	16281.9	(90)	14229.6	(89)	12166.8	(88)	10129	(72)	8085.46	(69)	6038.43	(53)	4035.44	(50)	2044.19	(50)	0	(52)	
BB:8:24:0:248
BB:8:24:5:43
BB:8:24:5:335	201	20720.2	(240)	18642.9	(230)	16548.1	(230)	14457.7	(214)	12370.5	(92)	10287.8	(89)	8215.4	(88)	6179.06	(72)	4112.93	(69)	2025.28	(33)	0	(50)	
BB:8:24:5:684	201	20637.9	(224)	18559.7	(198)	16470.7	(198)	14396.5	(198)	12313.5	(108)	10244	(105)	8185.4	(104)	6162.86	(88)	4110.53	(85)	2027.08	(17)	0	(50)	
BB:8:24:16:569	201	20530.4	(200)	18448.4	(232)	16371.3	(232)	14325.5	(232)	12281.7	(112)	10237.7	(112)	8191.79	(112)	6166.13	(96)	4127.09	(93)	2041.6	(29)	0	(50)	
BB:8:25:11:63
BB:8:25:14:877
BB:8:25:15:49	203	20549.1	(105)	18503	(101)	16434.7	(232)	14378.8	(232)	12294.3	(232)	10210.5	(216)	8162.46	(80)	6139.26	(80)	4100.7	(96)	2067.54	(96)	0	(93)	
BB:8:25:15:149	203	20513.8	(105)	18479.7	(101)	16423.4	(232)	14379.5	(232)	12307	(232)	10233.1	(216)	8185.8	(80)	6156.6	(80)	4109.58	(96)	2069.4	(94)	0	(93)	
BB:8:25:16:562	203	20488.1	(105)	18474.7	(101)	16433.2	(232)	14393.6	(232)	12305.8	(200)	10234.7	(200)	8188.38	(96)	6160.2	(96)	4112.58	(80)	2069.4	(94)	0	(93)	
BB:8:25:18:907
BB:8:25:30:74
BB:8:25:30:299	205	20377.5	(82)	18350.3	(97)	16357.5	(233)	14356.2	(233)	12314.3	(232)	10278.7	(232)	8203.62	(200)	6157.22	(200)	4101.52	(96)	2048.82	(96)	0	(80)	
BB:8:25:30:630	205	20347.5	(94)	18288.7	(100)	16266.8	(228)	14252.2	(234)	12222.1	(233)	10193.9	(229)	8142.02	(200)	6139.68	(200)	4120.98	(88)	2060.82	(88)	0	(80)	
BB:8:25:30:734	205	20339.2	(78)	18282.6	(100)	16262.9	(228)	14250.6	(234)	12222.6	(233)	10196.7	(229)	8147	(216)	6146.88	(216)	4128.78	(88)	2063.22	(72)	0	(80)	
BB:8:25:32:196	205	20287.5	(94)	18245.7	(110)	16249.9	(234)	14268.8	(233)	12245	(229)	10213.3	(232)	8156.88	(200)	6147.42	(200)	4108.5	(88)	2048.82	(96)	0	(80)	
BB:8:25:38:769
BB:8:25:45:278
BB:8:25:45:478	207	20393.8	(224)	18348.9	(94)	16310.7	(94)	14260.1	(94)	12223.3	(234)	10210.5	(233)	8169.31	(229)	6126.24	(232)	4072.61	(232)	2050.68	(200)	0	(88)	
BB:8:25:50:997
BB:8:26:0:603
BB:8:26:0:984	209	20437.5	(214)	18403.4	(246)	16372.1	(210)	14334.6	(82)	12292.9	(84)	10235.3	(92)	8190.61	(233)	6172.24	(233)	4117.94	(229)	2064.01	(232)	0	(232)	
BB:8:26:2:29	209	20402.4	(214)	18368.7	(246)	16337.7	(210)	14300.6	(82)	12259.1	(84)	10202.1	(92)	8161.65	(236)	6149.5	(233)	4112.16	(229)	2067.36	(229)	0	(232)	
BB:8:26:17:529	209	20379.3	(222)	18360.2	(230)	16343.4	(230)	14277.9	(100)	12225.2	(84)	10198.5	(92)	8176.78	(201)	6166.86	(217)	4127.4	(213)	2067.36	(230)	0	(232)	
BB:8:27:6:854
BB:8:27:10:570
BB:8:27:10:832	211	20472	(22)	18406.1	(221)	16334.3	(217)	14292.1	(232)	12264.4	(230)	10192.3	(100)	8137.22	(84)	6100.56	(90)	4071.23	(201)	2046.66	(213)	0	(213)	
BB:8:27:11:816	211	20408.1	(29)	18366.8	(221)	16312.9	(220)	14287.6	(232)	12272.3	(232)	10204.6	(102)	8148.44	(90)	6115.39	(90)	4079.32	(193)	2052.66	(209)	0	(213)	
BB:8:27:15:930	211	20405.1	(29)	18350.9	(216)	16293.1	(220)	14270.2	(232)	12256.9	(232)	10188.3	(106)	8141.98	(90)	6106.99	(82)	4073.87	(193)	2046.66	(213)	0	(213)	
BB:8:27:46:364
BB:8:27:50:70
BB:8:27:50:305	213	20697.2	(256)	18620.5	(94)	16523.5	(86)	14444.8	(42)	12365.8	(236)	10306.5	(232)	8249.59	(216)	6168.96	(22)	4101.3	(90)	2048.94	(82)	0	(193)	
BB:8:28:6:498
BB:8:28:10:204
BB:8:28:10:464	215	20832.3	(32)	18718.3	(224)	16627.1	(256)	14535.9	(30)	12429.2	(29)	10336.4	(229)	8248.56	(234)	6192.44	(232)	4140.8	(216)	2058.01	(90)	0	(90)	
BB:8:28:20:440	215	20685.8	(224)	18633.6	(224)	16597.5	(256)	14541.6	(254)	12434.3	(253)	10363	(253)	8279.86	(254)	6211.38	(256)	4140.24	(24)	2058.84	(86)	0	(90)	
BB:8:28:20:567	215	20682.3	(224)	18630.8	(224)	16595.4	(256)	14540.3	(254)	12433.7	(253)	10363.2	(253)	8280.7	(254)	6212.94	(256)	4142.52	(23)	2058.84	(86)	0	(90)	
BB:8:28:21:352	215	20641.8	(224)	18590.4	(224)	16566	(224)	14515.7	(222)	12415.6	(253)	10324.6	(245)	8236.07	(250)	6194.94	(252)	4149.3	(248)	2066.64	(118)	0	(90)	
BB:8:28:21:825	215	20638.3	(224)	18587.6	(224)	16564	(224)	14514.4	(222)	12415	(253)	10324.7	(245)	8236.91	(250)	6196.5	(252)	4151.58	(247)	2066.64	(118)	0	(90)	
BB:8:28:23:41	215	20542.9	(224)	18506.8	(224)	16502.9	(224)	14476.2	(222)	12406.6	(253)	10342.7	(253)	8254.31	(254)	6207.18	(256)	4154.88	(56)	2066.64	(118)	0	(90)	
BB:8:28:23:810	215	20539.4	(224)	18504	(224)	16500.9	(224)	14474.9	(222)	12406	(253)	10342.9	(253)	8255.15	(254)	6208.74	(256)	4157.16	(55)	2066.64	(118)	0	(90)	
BB:8:29:7:342
BB:8:29:11:56
BB:8:29:11:316	217	20818.2	(98)	18761.6	(98)	16670.3	(37)	14533.7	(69)	12474.9	(93)	10412.5	(32)	8301.96	(32)	6212.52	(128)	4113.36	(126)	2056.92	(256)	0	(55)	
BB:8:29:11:796	217	20553.4	(226)	18544.6	(226)	16493	(213)	14432.1	(197)	12417.7	(221)	10377.6	(224)	8292.12	(224)	6218.22	(256)	4123.56	(254)	2060.88	(128)	0	(55)	
BB:8:29:17:904	217	20531.4	(226)	18512.3	(226)	16448.3	(213)	14373.7	(197)	12365	(221)	10349.1	(224)	8269.86	(224)	6202.2	(256)	4113.78	(254)	2056.92	(256)	0	(55)	
BB:8:29:18:508	217	20501.1	(228)	18488.7	(228)	16434.4	(216)	14358.4	(197)	12353.7	(221)	10347.4	(224)	8277.78	(224)	6213.54	(256)	4122.42	(253)	2061.06	(253)	0	(55)	
BB:8:29:18:635	217	20484.4	(228)	18476.3	(228)	16426.4	(216)	14354.7	(197)	12354.3	(221)	10347.9	(224)	8278.14	(224)	6213.78	(256)	4122.54	(254)	2061.06	(253)	0	(55)	
BB:8:29:56:799
BB:8:30:0:496
BB:8:30:0:719	219	20058.9	(194)	18106.3	(2)	16146.6	(40)	14178.4	(40)	12174.7	(240)	10140.6	(237)	8147.46	(221)	6166.14	(224)	4142.7	(224)	2091.42	(256)	0	(254)	
BB:8:30:6:690
BB:8:30:15:707
BB:8:30:15:901	221	20330.6	(193)	18283.6	(2)	16248.1	(34)	14240.5	(34)	12241	(232)	10222	(232)	8163.44	(224)	6085.81	(205)	4063.02	(221)	2048.82	(224)	0	(224)	
BB:8:30:16:172	221	20134.8	(193)	18124.3	(194)	16103	(226)	14118.7	(98)	12163	(104)	10184.6	(40)	8164.56	(32)	6109.32	(77)	4095.42	(93)	2068.26	(96)	0	(224)	
BB:8:30:16:893	221	20010.5	(193)	18016	(194)	16018.2	(226)	14057.8	(34)	12125.9	(104)	10173.7	(104)	8159.01	(96)	6101.15	(13)	4076.82	(29)	2048.82	(224)	0	(224)	
BB:8:30:17:600	221	20006.7	(204)	17993.9	(198)	15990.4	(230)	14029.5	(38)	12100	(36)	10143	(100)	8153.76	(84)	6122.28	(69)	4090.92	(85)	2048.82	(224)	0	(224)	
BB:8:30:20:296
BB:8:30:30:927
BB:8:30:31:179	223	20317.3	(248)	18277.2	(248)	16236.5	(196)	14149	(196)	12049.5	(42)	10042.6	(41)	8077.38	(34)	6101.4	(98)	4100.28	(82)	2057.22	(85)	0	(85)	
BB:8:30:31:833	223	20315.6	(248)	18277.8	(248)	16239.4	(196)	14154.2	(196)	12057	(42)	10052.3	(105)	8092.92	(98)	6122.76	(98)	4115.46	(18)	2066.22	(21)	0	(85)	
BB:8:30:36:868	223	20256.9	(197)	18185	(116)	16122.5	(116)	14044.3	(60)	12013.7	(58)	10032.9	(57)	8068.14	(50)	6101.04	(114)	4105.08	(114)	2057.22	(85)	0	(85)	
BB:8:30:37:122	223	20236.1	(197)	18169.5	(116)	16112.3	(116)	14039.4	(60)	12014	(58)	10038.5	(58)	8079.02	(50)	6112.3	(114)	4107.71	(113)	2057.22	(85)	0	(85)	
BB:8:30:37:598	223	20199.3	(256)	18084.1	(116)	16018	(113)	13994.5	(54)	12010.5	(54)	10038.7	(54)	8075.75	(52)	6111.8	(116)	4111.08	(116)	2057.22	(85)	0	(85)	
BB:8:30:39:154	223	20190.9	(256)	18078.7	(116)	16015.6	(113)	13998.1	(54)	12017.1	(54)	10039.2	(118)	8076.11	(116)	6114.98	(52)	4117.08	(52)	2057.22	(85)	0	(85)	
BB:8:30:43:642	223	20185	(256)	18072.9	(116)	16009.8	(113)	13995.3	(54)	12020.3	(54)	10048.4	(118)	8091.29	(116)	6133.16	(116)	4126.26	(52)	2066.22	(21)	0	(85)	
BB:8:31:16:715
BB:8:31:20:427
BB:8:31:20:671	225	20490.6	(229)	18480.4	(232)	16399.9	(196)	14295.8	(66)	12200.9	(74)	10126.8	(58)	8082.8	(57)	6058.42	(121)	4050.02	(116)	2038.51	(116)	0	(52)	
BB:8:31:21:763	225	20433.1	(230)	18407	(230)	16330.3	(200)	14253	(68)	12184.4	(68)	10119.9	(54)	8095.94	(54)	6084.82	(118)	4081.67	(113)	2057.34	(113)	0	(52)	
BB:8:31:23:800	225	20408.3	(232)	18402	(229)	16325.5	(196)	14237.8	(68)	12153.4	(74)	10092.9	(58)	8070.02	(58)	6058.94	(121)	4056.56	(113)	2038.51	(116)	0	(52)	
BB:8:31:23:998	225	20387.4	(229)	18376	(228)	16309.3	(196)	14240.3	(68)	12171.2	(66)	10115.2	(54)	8088.92	(54)	6063.92	(117)	4056.86	(121)	2038.51	(124)	0	(52)	
BB:8:31:24:490	225	20385.5	(229)	18378.4	(225)	16319.8	(196)	14244.3	(68)	12173.6	(74)	10126.8	(58)	8093.72	(58)	6070.52	(117)	4063.82	(117)	2038.51	(116)	0	(52)	
BB:8:31:24:618	225	20377.2	(229)	18367.6	(228)	16302.7	(196)	14232.7	(68)	12166.9	(70)	10119	(54)	8086.1	(54)	6065.54	(121)	4064.72	(121)	2038.51	(116)	0	(52)	
BB:8:31:25:697	225	20309.2	(216)	18256.3	(213)	16202.8	(212)	14153.9	(196)	12109.9	(202)	10082.7	(250)	8084.81	(250)	6090.2	(249)	4074.56	(241)	2038.51	(116)	0	(52)	
BB:8:31:25:891	225	20285.9	(213)	18226.2	(212)	16182.7	(212)	14154.4	(196)	12126.7	(194)	10105	(246)	8103.71	(246)	6095.18	(245)	4074.86	(249)	2038.51	(124)	0	(52)	
BB:8:31:27:367	225	20271.9	(213)	18215.9	(212)	16176.1	(212)	14146.9	(196)	12122.5	(198)	10108.8	(246)	8100.89	(246)	6096.8	(249)	4082.72	(249)	2038.51	(116)	0	(52)	
BB:8:31:36:642
BB:8:31:40:444
BB:8:31:40:627	227	20455.5	(26)	18352	(22)	16245.1	(213)	14182.3	(213)	12126.8	(212)	10089.4	(196)	8066.15	(196)	6049.25	(246)	4036.07	(246)	2022.78	(250)	0	(249)	
BB:8:31:42:379	227	20427.1	(14)	18291	(10)	16169	(229)	14137.2	(225)	12124.7	(228)	10103.1	(228)	8077.73	(216)	6073.13	(214)	4049.93	(214)	2022.78	(250)	0	(249)	
BB:8:31:45:73
BB:8:31:55:692
BB:8:31:55:896	229	20834.1	(200)	18637.3	(64)	16464.8	(58)	14311.7	(58)	12181.2	(246)	10124.7	(232)	8094.29	(229)	6061.15	(228)	4038.3	(212)	2028.36	(214)	0	(214)	
BB:8:31:56:644	229	20604.3	(248)	18448.4	(256)	16301	(122)	14193.3	(122)	12114.5	(54)	10100	(40)	8106.66	(37)	6097.38	(100)	4089.48	(84)	2055.66	(86)	0	(214)	
BB:8:31:58:136	229	20460.5	(248)	18347.9	(256)	16237.4	(250)	14150.5	(122)	12103.9	(118)	10103.7	(104)	8105.16	(101)	6082.32	(36)	4052.88	(20)	2028.36	(214)	0	(214)	
BB:8:32:1:284	229	20426.7	(244)	18309.3	(196)	16192.8	(4)	14119.2	(16)	12081.3	(48)	10075.7	(112)	8093.17	(109)	6104.76	(112)	4071.72	(96)	2028.36	(214)	0	(214)	
BB:8:32:7:825
BB:8:32:11:520
BB:8:32:11:712	231	20581.8	(62)	18478.8	(54)	16396.8	(245)	14318.6	(197)	12223.6	(198)	10125.6	(14)	8063.17	(46)	6044.39	(109)	4051.1	(109)	2049.24	(112)	0	(96)	
BB:8:32:11:820	231	20281	(198)	18262.5	(198)	16235	(197)	14160.3	(245)	12079.4	(54)	10042.5	(62)	8036.05	(62)	6039.65	(125)	4051.1	(125)	2049.24	(128)	0	(96)	
BB:8:32:14:233	231	20272.2	(198)	18262.8	(197)	16241.4	(197)	14172.5	(246)	12097.8	(54)	10058.1	(62)	8045.77	(61)	6052.55	(125)	4057.22	(128)	2049.24	(128)	0	(96)	
BB:8:32:18:825
BB:8:32:26:733
BB:8:32:26:917	233	20391.5	(226)	18334.1	(193)	16285.2	(198)	14286.8	(197)	12249.1	(197)	10145.1	(246)	8050.92	(62)	6004.56	(62)	3982.38	(61)	1990.68	(125)	0	(128)	
BB:8:32:29:540	233	20382.1	(228)	18323.4	(228)	16242.6	(193)	14214.2	(194)	12192.7	(193)	10127	(198)	8065.5	(54)	6038.22	(54)	3998.1	(53)	1990.68	(125)	0	(128)	
BB:8:32:29:771	233	20376.2	(228)	18320.5	(228)	16242.8	(194)	14217.4	(194)	12198	(193)	10134.3	(197)	8065.74	(54)	6040.38	(54)	4002.18	(54)	1990.68	(125)	0	(128)	
BB:8:32:30:205	233	20317	(228)	18273.5	(228)	16208	(194)	14194.8	(193)	12184.6	(194)	10130.5	(198)	8068.62	(54)	6037.98	(53)	4006.5	(53)	1993.08	(128)	0	(128)	
BB:8:32:34:581
BB:8:32:41:961
BB:8:32:42:160	235	20354.2	(204)	18281.5	(236)	16201.6	(228)	14150.8	(225)	12111.1	(194)	10117.9	(193)	8117.58	(194)	6077.22	(198)	4032.48	(54)	2018.94	(53)	0	(53)	
BB:8:32:42:311	235	20291.8	(204)	18243.1	(236)	16187.2	(232)	14160.4	(229)	12136.9	(198)	10145.5	(197)	8144.58	(194)	6107.22	(194)	4053.48	(50)	2024.94	(49)	0	(53)	
BB:8:32:46:905
BB:8:32:57:192
BB:8:32:57:429	237	20202.7	(36)	18220.2	(44)	16173.1	(220)	14098.9	(218)	12033.3	(213)	10032.2	(213)	8040.31	(198)	6072.49	(197)	4068	(194)	2031.36	(242)	0	(50)	
BB:8:32:57:634	237	20140.3	(244)	18167	(252)	16152.7	(252)	14082.2	(250)	12016.8	(213)	10019.3	(213)	8019.32	(214)	6043.12	(197)	4057.44	(194)	2037.36	(194)	0	(50)	
BB:8:32:57:735	237	20139.1	(244)	18164.6	(252)	16149.1	(252)	14077.4	(250)	12010.8	(197)	10012.1	(197)	8014.52	(198)	6040.72	(213)	4057.44	(210)	2037.36	(210)	0	(50)	
BB:8:33:0:58	237	19938.7	(242)	17978.7	(250)	16003.4	(250)	13993.5	(249)	11971.5	(213)	10001	(216)	8030.57	(216)	6071.22	(200)	4078.2	(196)	2037.36	(194)	0	(50)	
BB:8:33:0:157	237	19937.5	(242)	17976.3	(250)	15999.8	(250)	13988.7	(249)	11965.5	(197)	9993.79	(200)	8025.77	(200)	6068.82	(216)	4078.2	(212)	2037.36	(210)	0	(50)	
BB:8:33:4:742
BB:8:33:12:443
BB:8:33:12:606	239	19665.6	(212)	17768.6	(194)	15860.5	(106)	13953.1	(106)	11956.1	(106)	9924.13	(5)	7909.31	(5)	5930.14	(200)	3954.08	(200)	1995.06	(216)	0	(212)	
BB:8:33:15:705
BB:8:33:27:723
BB:8:33:27:935	241	19404.4	(212)	17530.4	(213)	15640.4	(198)	13741.8	(200)	11827.1	(106)	9918.13	(106)	7930.93	(106)	5922.13	(1)	3923.83	(5)	1955.8	(200)	0	(200)	
BB:8:33:28:115	241	19383.8	(212)	17516.6	(213)	15636.4	(214)	13747.7	(200)	11847	(234)	9932.77	(106)	7957.63	(106)	5943.61	(65)	3940.45	(5)	1969.66	(8)	0	(200)	
BB:8:33:28:961	241	19222.1	(248)	17395.7	(256)	15533	(256)	13624.1	(253)	11736.7	(253)	9844.9	(256)	7894.68	(256)	5903.04	(66)	3944.76	(70)	1987.44	(70)	0	(200)	
BB:8:33:35:463
BB:8:33:42:952
BB:8:33:43:214	243	19067.2	(61)	17271.2	(56)	15406.4	(20)	13491.7	(214)	11574.9	(214)	9659.27	(197)	7755.2	(225)	5853.83	(236)	3921.44	(236)	1951.02	(74)	0	(70)	
BB:8:33:43:363	243	18830.2	(61)	17050.5	(62)	15217.4	(62)	13349.5	(254)	11478.1	(253)	9582.98	(253)	7690.48	(253)	5814.59	(256)	3910.64	(256)	1951.02	(78)	0	(70)	
BB:8:33:43:636	243	18783.9	(57)	17039.2	(54)	15218.5	(22)	13361.8	(214)	11481	(209)	9574.69	(205)	7677.45	(205)	5790.11	(240)	3895.76	(240)	1952.58	(110)	0	(70)	
BB:8:33:43:918	243	18754.2	(57)	16960.2	(54)	15131.3	(50)	13271	(242)	11415.1	(253)	9551.15	(253)	7671.87	(253)	5790.11	(256)	3895.76	(256)	1952.58	(126)	0	(70)	
BB:8:33:47:977	243	18639.6	(53)	16883.6	(53)	15084.5	(52)	13257.1	(244)	11427.6	(256)	9565.47	(256)	7673.91	(254)	5793.1	(253)	3897.42	(253)	1952.58	(126)	0	(70)	
BB:8:34:15:110
BB:8:34:18:821
BB:8:34:19:25	245	18084.5	(80)	16428.6	(80)	14717.9	(64)	12975.9	(64)	11194.8	(64)	9371.85	(256)	7548.28	(256)	5679.01	(256)	3772.33	(254)	1893.91	(253)	0	(253)	
BB:8:34:28:277
BB:8:34:34:145
BB:8:34:34:398	247	17589.5	(176)	16029.3	(162)	14454.5	(106)	12819.8	(41)	11103.3	(9)	9350.75	(20)	7554.13	(212)	5713.88	(256)	3836.19	(256)	1913.27	(256)	0	(254)	
BB:8:34:34:635	247	17444.7	(176)	15888.1	(169)	14320.1	(108)	12702	(42)	11030.5	(10)	9297.23	(21)	7508.41	(216)	5693.6	(248)	3834.99	(244)	1916.87	(244)	0	(254)	
BB:8:34:37:714	247	17424.1	(126)	15834.7	(253)	14210.4	(236)	12589.7	(234)	10946.4	(42)	9239.22	(41)	7464.85	(20)	5670.14	(216)	3830.97	(216)	1916.87	(248)	0	(254)	
BB:8:34:38:115	247	17403.1	(126)	15819.7	(253)	14201.4	(236)	12586.7	(234)	10949.4	(42)	9248.22	(41)	7479.85	(24)	5691.14	(216)	3842.97	(216)	1916.87	(244)	0	(254)	
BB:8:34:48:572
BB:8:34:52:253
BB:8:34:52:465	249	16531.6	(192)	15046	(256)	13524.4	(255)	11949.2	(256)	10330.9	(105)	8722.53	(105)	7093.77	(42)	5396.44	(42)	3628.85	(24)	1836.78	(216)	0	(216)	
BB:8:34:53:493	249	16512.9	(192)	15026.9	(256)	13504.9	(255)	11929.8	(256)	10311.2	(108)	8705.47	(105)	7083.79	(41)	5397.06	(42)	3631.68	(22)	1836.78	(216)	0	(216)	
BB:8:34:54:48	249	16466.6	(208)	15015.7	(208)	13514.5	(207)	11944.8	(256)	10333.2	(124)	8709.62	(121)	7075.01	(57)	5400.3	(58)	3642	(54)	1836.78	(216)	0	(216)	
BB:8:34:54:407	249	16326.7	(241)	14872.6	(241)	13376.6	(253)	11842	(189)	10277.4	(109)	8708.4	(109)	7100.52	(46)	5416.38	(46)	3644.61	(32)	1836.78	(216)	0	(216)	
BB:8:35:0:44
BB:8:35:7:416
BB:8:35:7:614	251	15581.2	(256)	14214.3	(256)	12780.6	(128)	11318.1	(124)	9817	(256)	8276.26	(256)	6703.49	(240)	5113.61	(176)	3485.51	(48)	1789.03	(48)	0	(32)	
BB:8:35:7:715	251	15467.8	(252)	14058.6	(252)	12628.5	(256)	11176.5	(256)	9706.71	(256)	8211.03	(256)	6678.88	(256)	5113.61	(256)	3485.51	(64)	1789.03	(64)	0	(32)	
BB:8:35:10:26	251	15456.3	(252)	14055.4	(252)	12633.5	(256)	11189.7	(256)	9728.13	(256)	8242.84	(256)	6711.47	(256)	5132.63	(128)	3495.29	(128)	1789.03	(64)	0	(32)	
BB:8:35:14:635
BB:8:35:22:704
BB:8:35:22:849	253	14572.6	(236)	13236.3	(236)	11868.7	(252)	10472.8	(252)	9056.25	(256)	7617.87	(256)	6160.9	(256)	4680.65	(256)	3167.22	(256)	1614.18	(256)	0	(128)	
BB:8:35:22:942	253	14533.6	(236)	13203.3	(236)	11841.6	(252)	10451.7	(252)	9041.1	(256)	7608.68	(256)	6157.68	(256)	4683.48	(256)	3170.28	(256)	1614.18	(192)	0	(128)	
BB:8:35:23:14	253	14488.3	(236)	13164	(236)	11808.4	(252)	10424.5	(252)	9019.96	(256)	7593.58	(256)	6148.61	(256)	4684.74	(256)	3181.86	(256)	1620.18	(128)	0	(128)	
BB:8:35:23:896	253	14407.8	(249)	13102.1	(236)	11786.2	(236)	10439.6	(236)	9047.73	(240)	7623.07	(256)	6172.92	(256)	4694.34	(256)	3175.86	(128)	1614.18	(192)	0	(128)	
BB:8:35:24:56	253	14404.5	(249)	13098.7	(236)	11782.8	(236)	10436.3	(236)	9044.37	(240)	7619.71	(256)	6169.56	(256)	4690.98	(256)	3181.86	(192)	1620.18	(128)	0	(128)	
BB:8:35:25:749
BB:8:35:38:51
BB:8:35:38:200	255	13552.7	(253)	12370.9	(253)	11111.8	(249)	9819.14	(236)	8516.24	(236)	7182.74	(236)	5803.87	(240)	4392.23	(256)	2961	(256)	1497.36	(256)	0	(192)	
BB:8:35:39:916
BB:8:35:53:342
BB:8:35:53:536	257	12957.5	(190)	11824.2	(190)	10672.3	(253)	9479.06	(253)	8210.51	(249)	6908.37	(236)	5596.02	(236)	4253.08	(236)	2864.76	(240)	1443.72	(256)	0	(256)	
BB:8:35:53:645	257	12953.7	(190)	11814.2	(253)	10654.9	(253)	9453	(253)	8194.22	(252)	6894.71	(252)	5569.4	(236)	4224.89	(236)	2858.4	(240)	1446.54	(240)	0	(256)	
BB:8:35:54:127	257	12686.5	(192)	11577.4	(189)	10445.6	(254)	9292.32	(250)	8106.66	(249)	6877.86	(249)	5590.86	(233)	4260.24	(228)	2896.8	(228)	1463.34	(228)	0	(256)	
BB:8:35:56:611	257	12579.5	(189)	11471.5	(189)	10364.9	(253)	9248.1	(253)	8089.98	(254)	6870.84	(254)	5586.6	(225)	4270.56	(225)	2891.28	(225)	1452.18	(236)	0	(256)	
BB:8:36:1:43
BB:8:36:8:675
BB:8:36:8:859	259	11802	(253)	10709.9	(189)	9617.04	(189)	8512.7	(189)	7399.56	(253)	6291.12	(253)	5154.18	(254)	3946.38	(254)	2673.18	(225)	1368.18	(225)	0	(225)	
BB:8:36:14:557
BB:8:36:23:948
BB:8:36:24:144	261	11202.1	(52)	10209.2	(208)	9196	(144)	8138.77	(144)	7040.96	(192)	5914.45	(256)	4775.1	(253)	3634.2	(249)	2475	(250)	1264.2	(250)	0	(225)	
BB:8:36:24:237	261	11174.2	(249)	10122.5	(249)	9058.66	(189)	7985.94	(189)	6897.29	(189)	5796.71	(253)	4692.12	(253)	3592.26	(253)	2463	(254)	1264.2	(254)	0	(225)	
BB:8:36:25:934	261	11138.8	(249)	10086.6	(249)	9021.78	(189)	7953.54	(189)	6886.15	(189)	5804.16	(189)	4717.86	(253)	3626.94	(253)	2485.74	(254)	1269.78	(206)	0	(225)	
BB:8:36:27:966
BB:8:36:39:195
BB:8:36:39:355	263	10610	(256)	9624.59	(252)	8620.78	(188)	7599.73	(188)	6566.87	(192)	5512.38	(192)	4445.84	(256)	3370.08	(256)	2277.06	(256)	1162.2	(253)	0	(254)	
BB:8:36:40:528	263	10587.5	(64)	9611.78	(256)	8616.26	(188)	7607.12	(252)	6585.97	(252)	5543.4	(256)	4478.66	(192)	3399.84	(192)	2292	(192)	1162.2	(253)	0	(254)	
BB:8:36:40:607	263	10568.3	(208)	9605.72	(144)	8618.79	(140)	7614.57	(188)	6580.44	(188)	5530.73	(256)	4473.68	(256)	3401.7	(256)	2293.86	(64)	1162.2	(253)	0	(254)	
BB:8:36:41:759
BB:8:36:54:520
BB:8:36:54:670	265	10001.5	(64)	9129.46	(208)	8211.33	(208)	7263.35	(140)	6286.2	(140)	5280.96	(188)	4255.05	(192)	3213.57	(256)	2169.3	(256)	1109.52	(256)	0	(64)	
BB:8:36:54:752	265	9911.68	(208)	9045.93	(144)	8147.84	(144)	7220.34	(140)	6260.27	(188)	5272.17	(252)	4272.74	(256)	3249.24	(256)	2193.18	(64)	1115.4	(64)	0	(64)	
BB:8:36:55:707	265	9640.03	(208)	8817.24	(208)	7967.94	(256)	7092.68	(64)	6201.43	(60)	5274.3	(60)	4275.53	(12)	3243.21	(208)	2186.52	(208)	1109.52	(256)	0	(64)	
BB:8:36:56:339	265	9635.14	(208)	8812.36	(208)	7963.06	(256)	7087.79	(64)	6196.54	(60)	5263.41	(60)	4270.28	(204)	3256.08	(208)	2210.4	(208)	1115.4	(64)	0	(64)	
BB:8:36:56:857
BB:8:37:9:803
BB:8:37:10:30	267	8789.18	(64)	8059.64	(256)	7294.5	(208)	6504.75	(192)	5696.2	(180)	4859.45	(180)	3980.43	(60)	3059.6	(12)	2082.84	(12)	1057.74	(208)	0	(208)	
BB:8:37:13:102	267	8743.79	(256)	7998.53	(256)	7232.42	(192)	6447.87	(192)	5652.4	(188)	4841.93	(188)	3987.15	(60)	3066.56	(4)	2088.42	(4)	1057.74	(208)	0	(208)	
BB:8:37:13:284	267	8726.18	(256)	7975.33	(256)	7210.36	(192)	6438.53	(192)	5657.82	(192)	4850.94	(192)	3996.84	(64)	3074.1	(4)	2093.82	(4)	1060.44	(204)	0	(208)	
BB:8:37:13:922	267	8704.44	(256)	7969.56	(256)	7208.18	(192)	6432.9	(192)	5644.62	(192)	4830.9	(188)	3983.1	(60)	3074.64	(12)	2102.64	(4)	1069.74	(196)	0	(208)	
BB:8:37:26:236
BB:8:37:30:66
BB:8:37:30:303	269	8303.43	(241)	7576.09	(253)	6824.54	(253)	6037.41	(256)	5238.09	(192)	4439.34	(192)	3627.84	(192)	2793.72	(188)	1918.32	(60)	984.72	(12)	0	(4)	
BB:8:37:30:899	269	8227.34	(253)	7498.9	(253)	6759.04	(253)	5999.84	(253)	5215.83	(189)	4422.54	(189)	3620.04	(189)	2794.92	(185)	1924.32	(57)	990.72	(9)	0	(4)	
BB:8:37:36:569	269	8186.48	(241)	7476.07	(253)	6746.67	(253)	5985.33	(253)	5213.04	(192)	4444.02	(192)	3655.44	(192)	2815.44	(188)	1922.04	(12)	984.72	(12)	0	(4)	
BB:8:37:36:634	269	8151.8	(208)	7440.55	(208)	6704.16	(256)	5956.22	(256)	5195.7	(192)	4432.38	(192)	3656.76	(192)	2821.44	(192)	1922.04	(16)	984.72	(12)	0	(4)	
BB:8:37:38:234	269	8119.08	(253)	7408.64	(253)	6686.78	(253)	5947.88	(253)	5190.78	(189)	4427.22	(189)	3647.64	(189)	2816.64	(185)	1928.04	(9)	990.72	(9)	0	(4)	
BB:8:38:10:269
BB:8:38:13:985
BB:8:38:14:212	271	7474.55	(208)	6802.59	(256)	6118.5	(256)	5426.76	(256)	4720.47	(256)	3986.81	(256)	3236.1	(189)	2482.26	(189)	1712.4	(189)	885	(185)	0	(9)	
BB:8:38:14:579	271	7467.89	(208)	6801.42	(256)	6122.82	(256)	5435.36	(64)	4729.86	(256)	3999.71	(256)	3248.7	(189)	2492.46	(189)	1726.2	(189)	892.8	(181)	0	(9)	
BB:8:38:16:847	271	7466.57	(208)	6794.91	(256)	6111.46	(256)	5420.34	(256)	4713.99	(192)	3981.17	(256)	3236.1	(253)	2482.26	(190)	1712.4	(190)	885	(185)	0	(9)	
BB:8:38:22:551
BB:8:38:29:209
BB:8:38:29:401	273	7103.74	(16)	6471.12	(208)	5811.45	(208)	5133.91	(256)	4441.54	(256)	3741.52	(256)	3030.52	(192)	2294.73	(256)	1541.1	(253)	778.26	(190)	0	(190)	
BB:8:38:29:602	273	7085.08	(16)	6456.88	(208)	5801.39	(208)	5128	(256)	4439.46	(256)	3741.98	(64)	3033.66	(256)	2309.45	(256)	1555.56	(192)	784.26	(192)	0	(190)	
BB:8:38:30:514	273	7080.65	(16)	6454.04	(208)	5800.05	(208)	5128.21	(256)	4441.21	(256)	3745.35	(64)	3034.45	(256)	2298.9	(256)	1541.1	(189)	778.26	(190)	0	(190)	
BB:8:38:30:589	273	7042.15	(16)	6420.01	(208)	5770.51	(208)	5103.77	(256)	4422.5	(256)	3731.82	(192)	3031.16	(64)	2303.49	(256)	1544.04	(237)	778.26	(190)	0	(190)	
BB:8:38:30:990	273	7029.5	(48)	6405.13	(208)	5757.46	(208)	5094.95	(256)	4419.11	(256)	3733.86	(192)	3038	(64)	2315.13	(256)	1551.3	(205)	778.26	(190)	0	(190)	
BB:8:38:37:39
BB:8:38:44:452
BB:8:38:44:669	275	6883.2	(64)	6288.71	(45)	5685.26	(13)	5057.97	(205)	4393.48	(225)	3702.04	(241)	2993.37	(253)	2271.77	(253)	1538.7	(64)	786.72	(256)	0	(205)	
BB:8:38:44:781	275	6823.37	(64)	6245.13	(48)	5655.69	(16)	5037.54	(208)	4380.03	(228)	3695.75	(244)	2996.95	(256)	2283.49	(256)	1548.18	(64)	790.08	(253)	0	(205)	
BB:8:38:54:833
BB:8:38:59:643
BB:8:38:59:851	277	6895.59	(64)	6265.97	(256)	5624.38	(256)	4972.85	(64)	4310.84	(64)	3630.13	(240)	2930.57	(240)	2214.49	(256)	1489.68	(256)	756.9	(256)	0	(64)	
BB:8:39:0:67	277	6660.93	(64)	6114.64	(64)	5545.74	(16)	4948.57	(16)	4313.73	(4)	3648.13	(228)	2957.51	(228)	2239.15	(256)	1502.34	(256)	761.7	(253)	0	(64)	
BB:8:39:1:304	277	6632.97	(64)	6055.81	(48)	5465.81	(48)	4867.69	(16)	4255.69	(208)	3613.2	(208)	2936.35	(244)	2244.74	(52)	1538.88	(256)	783.3	(208)	0	(64)	
BB:8:39:1:870	277	6595.2	(64)	6022.97	(64)	5431.89	(48)	4829.68	(48)	4219.86	(16)	3592.39	(208)	2930.23	(208)	2228.53	(244)	1499.28	(244)	756.9	(256)	0	(64)	
BB:8:39:5:490	277	6504.71	(256)	5953.47	(64)	5385.23	(64)	4802.47	(48)	4204.1	(48)	3587.18	(16)	2944.84	(208)	2251.55	(196)	1524.3	(244)	771.3	(244)	0	(64)	
BB:8:39:12:79
BB:8:39:15:807
BB:8:39:16:81	279	6081.72	(256)	5542.47	(256)	4992.71	(256)	4434.13	(256)	3868.19	(64)	3285.6	(64)	2683.62	(48)	2064.36	(48)	1412.34	(208)	722.4	(4)	0	(244)	
BB:8:39:20:665	279	6055.39	(256)	5532.59	(256)	5001.21	(256)	4455.24	(256)	3889.03	(64)	3306.3	(64)	2709.96	(48)	2085.12	(48)	1419.72	(196)	722.4	(4)	0	(244)	
BB:8:39:41:5
BB:8:39:44:616
BB:8:39:44:909	281	5830.07	(208)	5328.6	(204)	4800.42	(248)	4256.28	(248)	3705.95	(256)	3131.25	(256)	2526.83	(256)	1922.19	(256)	1315.38	(240)	678.18	(240)	0	(196)	
BB:8:39:45:264	281	5749.23	(256)	5239.6	(256)	4719.45	(256)	4188.71	(256)	3649.39	(256)	3097.64	(256)	2520.36	(256)	1931.04	(253)	1327.38	(237)	684.18	(237)	0	(196)	
BB:8:39:54:972
BB:8:39:59:995
BB:8:40:0:203	283	5324.32	(256)	4851.1	(64)	4362.96	(256)	3860.81	(256)	3348.15	(256)	2824.97	(256)	2293.21	(256)	1748.66	(256)	1178.58	(256)	596.46	(253)	0	(237)	
BB:8:40:0:497	283	5318.13	(256)	4846.17	(64)	4359.29	(256)	3858.4	(256)	3347	(256)	2825.08	(256)	2294.58	(256)	1751.88	(64)	1183.68	(64)	600	(13)	0	(237)	
BB:8:40:2:211	283	5308.88	(256)	4840.05	(64)	4356.31	(256)	3858.56	(256)	3350.3	(256)	2832.68	(256)	2307.14	(64)	1762.7	(256)	1184.4	(16)	596.46	(253)	0	(237)	
BB:8:40:9:545
BB:8:40:15:210
BB:8:40:15:458	285	5039.59	(256)	4628.74	(64)	4197.64	(64)	3744.4	(16)	3265.52	(204)	2762.82	(200)	2241.03	(248)	1703.28	(244)	1159.92	(64)	598.56	(256)	0	(16)	
BB:8:40:15:870	285	4982.17	(256)	4583.56	(64)	4165.24	(64)	3724.78	(16)	3262.46	(204)	2764.2	(200)	2249.85	(245)	1719.78	(241)	1177.92	(61)	608.16	(253)	0	(16)	
BB:8:40:29:217
BB:8:40:32:941
BB:8:40:33:177	287	4616.04	(256)	4236.52	(256)	3847.79	(256)	3440.78	(64)	3013.52	(64)	2564.12	(16)	2091.58	(204)	1584.83	(200)	1066.38	(245)	539.04	(241)	0	(61)	
BB:8:40:34:783	287	4594.8	(256)	4214.92	(256)	3825.83	(256)	3418.82	(64)	2991.56	(64)	2542.16	(16)	2073.82	(204)	1584.89	(200)	1078.38	(248)	545.04	(244)	0	(61)	
BB:8:40:44:317	287	4588.84	(256)	4216.97	(256)	3835.89	(64)	3436.71	(256)	3016.06	(16)	2571.7	(256)	2099.8	(4)	1608.47	(244)	1081.2	(232)	539.04	(245)	0	(61)	
BB:8:41:16:359
BB:8:41:20:76
BB:8:41:20:330	289	4175.69	(256)	3833.2	(256)	3482.12	(256)	3119.91	(256)	2738.7	(64)	2337.24	(64)	1913.64	(16)	1469.28	(12)	1007.1	(4)	524.52	(196)	0	(232)	
BB:8:41:40:461
BB:8:41:44:181
BB:8:41:44:419	291	3861.33	(256)	3537.05	(256)	3202.25	(256)	2858.62	(256)	2506.4	(256)	2136.99	(256)	1748.58	(64)	1339.92	(64)	909.12	(16)	462.12	(12)	0	(4)	
BB:8:41:44:570	291	3851.03	(64)	3524.3	(256)	3183.57	(256)	2832.24	(256)	2470.39	(256)	2099.78	(256)	1719.96	(64)	1321.98	(64)	903.12	(16)	462.12	(16)	0	(4)	
BB:8:41:57:498
BB:8:42:1:218
BB:8:42:1:417	293	3483.06	(64)	3190.16	(256)	2885.5	(256)	2569.37	(64)	2236.12	(256)	1891.65	(256)	1536.67	(256)	1172.36	(256)	798.84	(64)	409.86	(64)	0	(16)	
BB:8:42:1:633	293	3476.87	(64)	3185.23	(256)	2881.83	(256)	2566.96	(64)	2234.97	(256)	1891.76	(256)	1538.04	(256)	1175.58	(64)	803.94	(64)	413.4	(16)	0	(16)	
BB:8:42:2:610	293	3471.71	(256)	3182.9	(256)	2882.64	(64)	2567.45	(256)	2238.26	(256)	1899.35	(256)	1550.6	(64)	1186.4	(256)	804.66	(80)	409.86	(64)	0	(16)	
BB:8:42:6:596
BB:8:42:16:514
BB:8:42:16:728	295	3240.24	(256)	2975.15	(64)	2695.15	(256)	2403.64	(256)	2100.67	(64)	1782.79	(256)	1450.9	(256)	1108.73	(256)	756.72	(128)	387.96	(128)	0	(80)	
BB:8:42:16:886	295	3174.4	(256)	2920.11	(64)	2650.91	(256)	2369.16	(256)	2077.42	(64)	1774.57	(256)	1452.72	(208)	1119	(256)	765.18	(128)	390.78	(124)	0	(80)	
BB:8:42:17:178	295	3116.83	(256)	2878.37	(256)	2631.01	(64)	2372.1	(256)	2095.54	(256)	1798.74	(64)	1480.98	(256)	1138.92	(204)	775.92	(116)	396.36	(116)	0	(80)	
BB:8:42:24:232
BB:8:42:31:663
BB:8:42:31:870	297	2757.5	(256)	2541.98	(256)	2315.83	(256)	2079.16	(256)	1833.68	(256)	1578.99	(256)	1306.38	(64)	1013.52	(64)	698.52	(256)	358.38	(204)	0	(116)	
BB:8:42:32:8	297	2753.41	(256)	2539.71	(64)	2311.1	(256)	2068.48	(256)	1815.28	(256)	1551.56	(256)	1278.48	(64)	995.58	(64)	692.52	(208)	358.38	(208)	0	(116)	
BB:8:42:36:888
BB:8:42:46:919
BB:8:42:47:90	299	2370.91	(64)	2190.76	(256)	1998.21	(64)	1789.79	(256)	1568.58	(256)	1336.85	(256)	1095.13	(256)	844.817	(256)	582.84	(256)	301.86	(256)	0	(208)	
BB:8:42:47:264	299	2364.72	(64)	2185.83	(256)	1994.54	(64)	1787.38	(256)	1567.43	(256)	1336.96	(256)	1096.5	(256)	848.04	(256)	587.94	(256)	305.4	(208)	0	(208)	
BB:8:42:48:97	299	2356.09	(64)	2179.71	(256)	1991.57	(64)	1787.54	(256)	1570.73	(256)	1344.56	(256)	1109.06	(64)	858.857	(256)	588.66	(16)	301.86	(256)	0	(208)	
BB:8:42:49:699
BB:8:43:2:180
BB:8:43:2:335	301	2104.45	(253)	1937.58	(61)	1761.8	(256)	1585.92	(64)	1395.12	(256)	1190.32	(256)	974.969	(256)	749.1	(256)	515.16	(64)	272.04	(256)	0	(16)	
BB:8:43:2:671	301	2071.28	(253)	1904.04	(256)	1738.18	(256)	1573.81	(256)	1400	(64)	1217	(256)	1008.64	(208)	775.2	(256)	526.8	(60)	272.04	(256)	0	(16)	
BB:8:43:2:936	301	2033.11	(253)	1874.3	(256)	1716.87	(256)	1561.52	(64)	1396.76	(64)	1218.74	(208)	1013.38	(208)	785.94	(256)	532.38	(52)	272.04	(256)	0	(16)	
BB:8:43:3:280
BB:8:43:17:512
BB:8:43:17:674	303	1774.22	(255)	1637.33	(59)	1490.15	(253)	1335.38	(253)	1176.02	(256)	1018.15	(256)	850.92	(64)	674.46	(256)	471.84	(208)	248.04	(256)	0	(52)	
BB:8:43:17:819	303	1764.87	(243)	1630.15	(243)	1487.03	(253)	1341.61	(253)	1193.37	(64)	1045.58	(256)	878.82	(64)	692.4	(256)	477.84	(208)	248.04	(252)	0	(52)	
BB:8:43:18:860	303	1715.34	(255)	1587.22	(251)	1453.1	(253)	1314.88	(253)	1173.84	(64)	1033.25	(256)	874.32	(64)	695.1	(256)	483	(208)	248.04	(244)	0	(52)	
BB:8:43:21:661
BB:8:43:32:658
BB:8:43:32:790	305	1410.16	(207)	1328.4	(15)	1222.55	(255)	1095.26	(251)	962.003	(253)	824.65	(253)	684.557	(256)	547.26	(64)	391.68	(64)	212.7	(208)	0	(208)	
BB:8:43:33:169	305	1405.23	(207)	1324.73	(15)	1220.14	(255)	1094.11	(251)	962.113	(253)	826.02	(253)	687.78	(64)	552.36	(64)	395.22	(16)	212.7	(208)	0	(208)	
BB:8:43:33:788
BB:8:43:48:70
BB:8:43:48:195	307	1022.32	(205)	973.596	(51)	928.915	(243)	865.25	(3)	774.886	(207)	661.738	(255)	537.962	(249)	411.275	(253)	280.62	(64)	147.12	(64)	0	(16)	
BB:8:43:48:431	307	1014.64	(196)	959.012	(52)	898.706	(253)	824.81	(13)	735.766	(207)	639.538	(255)	533.762	(251)	417.275	(255)	286.62	(127)	147.12	(64)	0	(16)	
BB:8:43:48:974
BB:8:44:3:258
BB:8:44:3:371	309	677.588	(15)	660.548	(241)	627.298	(193)	579.456	(52)	532.934	(253)	472.092	(13)	395.961	(207)	312.824	(255)	220.14	(251)	116.82	(255)	0	(127)	
BB:8:44:3:562	309	633.969	(193)	608.027	(241)	571.379	(256)	539.189	(64)	512.549	(253)	464.36	(13)	395.961	(203)	314.024	(243)	221.94	(243)	116.82	(255)	0	(127)	
BB:8:44:3:779	309	630.286	(193)	604.344	(241)	567.696	(256)	535.506	(64)	508.866	(61)	463.686	(205)	398.877	(203)	320.72	(243)	227.76	(51)	116.82	(255)	0	(127)	
BB:8:44:4:81
BB:8:44:18:564
BB:8:44:18:675	311	365.429	(15)	365.369	(245)	352.154	(193)	329.992	(241)	297.125	(256)	268.715	(64)	245.855	(61)	204.455	(205)	147.84	(203)	84.72	(243)	0	(51)	
BB:8:44:18:815	311	362.976	(197)	361.675	(49)	350.978	(241)	326.144	(205)	293.302	(256)	264.095	(121)	236.915	(61)	198.455	(208)	147.84	(207)	84.72	(243)	0	(51)	
BB:8:44:18:905
BB:8:44:33:848
BB:8:44:33:993	313	258.778	(1)	258.778	(205)	257.471	(197)	254.411	(49)	235.949	(193)	201.747	(253)	163.397	(249)	130.56	(61)	100.32	(61)	55.86	(256)	0	(207)	
BB:8:44:34:84	313	256.739	(1)	256.739	(205)	255.432	(197)	252.432	(49)	233.994	(193)	199.78	(249)	161.477	(256)	124.5	(64)	94.32	(61)	55.86	(221)	0	(207)	
BB:8:44:34:487	313	255.59	(1)	255.59	(205)	254.282	(197)	251.282	(49)	234.104	(193)	201.15	(249)	164.7	(64)	129.6	(64)	97.86	(13)	55.86	(221)	0	(207)	
BB:8:44:34:771
BB:8:44:49:41
BB:8:44:49:150	315	161.654	(7)	161.654	(256)	160.406	(7)	160.406	(256)	159.924	(1)	145.821	(197)	119.852	(241)	89.7348	(249)	58.62	(64)	30.72	(64)	0	(13)	
BB:8:44:49:293
BB:8:45:4:529
BB:8:45:4:639	317	64.5943	(7)	64.5943	(7)	64.5943	(256)	64.2918	(7)	64.2918	(256)	63.0444	(1)	63.0444	(61)	60.8922	(197)	45	(193)	27.24	(249)	0	(64)	
BB:8:45:4:735	317	62.8543	(7)	62.8543	(7)	62.8543	(256)	62.5518	(7)	62.5518	(256)	61.3044	(1)	61.3044	(61)	57.9522	(197)	46.86	(201)	29.1	(241)	0	(64)	
BB:8:45:4:906
BB:8:45:19:733
BB:8:45:19:962	319	13.83	(7)	13.83	(7)	13.83	(7)	13.83	(7)	13.83	(7)	13.83	(256)	13.2	(65)	13.2	(49)	12	(15)	6	(229)	0	(201)	
BB:8:45:20:166	319	10.83	(1)	10.83	(1)	10.83	(1)	10.83	(1)	10.83	(1)	10.83	(1)	10.83	(193)	10.2	(49)	9	(49)	6	(5)	0	(201)	
BB:8:45:21:392
BB:8:45:35:11
BB:8:45:35:257	321	0	(49)	0	(49)	0	(49)	0	(49)	0	(49)	0	(49)	0	(49)	0	(49)	0	(49)	0	(49)	0	(49)	
BB:8:45:35:266
BB:8:45:50:316
BB:8:45:50:598	323	0	(49)	0	(49)	0	(49)	0	(49)	0	(49)	0	(49)	0	(49)	0	(49)	0	(49)	0	(49)	0	(49)	
BB:8:45:50:607
BB:8:46:5:654
BB:8:46:5:898	325	0	(49)	0	(49)	0	(49)	0	(49)	0	(49)	0	(49)	0	(49)	0	(49)	0	(49)	0	(49)	0	(49)	
BB:8:46:5:908
BB:8:46:20:849
BB:8:46:21:100	327	0	(49)	0	(49)	0	(49)	0	(49)	0	(49)	0	(49)	0	(49)	0	(49)	0	(49)	0	(49)	0	(49)	
BB:8:46:21:110
BB:8:46:36:155
BB:8:46:36:403	329	0	(49)	0	(49)	0	(49)	0	(49)	0	(49)	0	(49)	0	(49)	0	(49)	0	(49)	0	(49)	0	(49)	
BB:8:46:36:412
