1	1	1	10
1	1	1	9
1	1	1	3
1	1	1	4
1	1	2	10
1	1	2	9
1	1	2	3
1	1	2	4
1	1	3	10
1	1	3	9
1	1	3	3
1	1	3	4
1	1	4	10
1	1	4	9
1	1	4	3
1	1	4	4
2	1	1	10
2	1	1	9
2	1	1	3
2	1	1	4
2	1	2	10
2	1	2	9
2	1	2	3
2	1	2	4
2	1	3	10
2	1	3	9
2	1	3	3
2	1	3	4
2	2	4	10
2	2	4	11
2	2	4	5
2	2	4	4
3	1	1	10
3	1	1	9
3	1	1	3
3	1	1	4
3	1	2	10
3	1	2	9
3	1	2	3
3	1	2	4
3	1	3	10
3	1	3	9
3	1	3	3
3	1	3	4
3	3	4	1
3	3	4	12
3	3	4	6
3	3	4	7
4	1	1	10
4	1	1	9
4	1	1	3
4	1	1	4
4	1	2	10
4	1	2	9
4	1	2	3
4	1	2	4
4	1	3	10
4	1	3	9
4	1	3	3
4	1	3	4
4	4	4	1
4	4	4	2
4	4	4	8
4	4	4	7
5	1	1	10
5	1	1	9
5	1	1	3
5	1	1	4
5	1	2	10
5	1	2	9
5	1	2	3
5	1	2	4
5	2	3	10
5	2	3	11
5	2	3	5
5	2	3	4
5	1	4	10
5	1	4	9
5	1	4	3
5	1	4	4
6	1	1	10
6	1	1	9
6	1	1	3
6	1	1	4
6	1	2	10
6	1	2	9
6	1	2	3
6	1	2	4
6	2	3	10
6	2	3	11
6	2	3	5
6	2	3	4
6	2	4	10
6	2	4	11
6	2	4	5
6	2	4	4
7	1	1	10
7	1	1	9
7	1	1	3
7	1	1	4
7	1	2	10
7	1	2	9
7	1	2	3
7	1	2	4
7	2	3	10
7	2	3	11
7	2	3	5
7	2	3	4
7	3	4	1
7	3	4	12
7	3	4	6
7	3	4	7
8	1	1	10
8	1	1	9
8	1	1	3
8	1	1	4
8	1	2	10
8	1	2	9
8	1	2	3
8	1	2	4
8	2	3	10
8	2	3	11
8	2	3	5
8	2	3	4
8	4	4	1
8	4	4	2
8	4	4	8
8	4	4	7
9	1	1	10
9	1	1	9
9	1	1	3
9	1	1	4
9	1	2	10
9	1	2	9
9	1	2	3
9	1	2	4
9	3	3	1
9	3	3	12
9	3	3	6
9	3	3	7
9	1	4	10
9	1	4	9
9	1	4	3
9	1	4	4
10	1	1	10
10	1	1	9
10	1	1	3
10	1	1	4
10	1	2	10
10	1	2	9
10	1	2	3
10	1	2	4
10	3	3	1
10	3	3	12
10	3	3	6
10	3	3	7
10	2	4	10
10	2	4	11
10	2	4	5
10	2	4	4
11	1	1	10
11	1	1	9
11	1	1	3
11	1	1	4
11	1	2	10
11	1	2	9
11	1	2	3
11	1	2	4
11	3	3	1
11	3	3	12
11	3	3	6
11	3	3	7
11	3	4	1
11	3	4	12
11	3	4	6
11	3	4	7
12	1	1	10
12	1	1	9
12	1	1	3
12	1	1	4
12	1	2	10
12	1	2	9
12	1	2	3
12	1	2	4
12	3	3	1
12	3	3	12
12	3	3	6
12	3	3	7
12	4	4	1
12	4	4	2
12	4	4	8
12	4	4	7
13	1	1	10
13	1	1	9
13	1	1	3
13	1	1	4
13	1	2	10
13	1	2	9
13	1	2	3
13	1	2	4
13	4	3	1
13	4	3	2
13	4	3	8
13	4	3	7
13	1	4	10
13	1	4	9
13	1	4	3
13	1	4	4
14	1	1	10
14	1	1	9
14	1	1	3
14	1	1	4
14	1	2	10
14	1	2	9
14	1	2	3
14	1	2	4
14	4	3	1
14	4	3	2
14	4	3	8
14	4	3	7
14	2	4	10
14	2	4	11
14	2	4	5
14	2	4	4
15	1	1	10
15	1	1	9
15	1	1	3
15	1	1	4
15	1	2	10
15	1	2	9
15	1	2	3
15	1	2	4
15	4	3	1
15	4	3	2
15	4	3	8
15	4	3	7
15	3	4	1
15	3	4	12
15	3	4	6
15	3	4	7
16	1	1	10
16	1	1	9
16	1	1	3
16	1	1	4
16	1	2	10
16	1	2	9
16	1	2	3
16	1	2	4
16	4	3	1
16	4	3	2
16	4	3	8
16	4	3	7
16	4	4	1
16	4	4	2
16	4	4	8
16	4	4	7
17	1	1	10
17	1	1	9
17	1	1	3
17	1	1	4
17	2	2	10
17	2	2	11
17	2	2	5
17	2	2	4
17	1	3	10
17	1	3	9
17	1	3	3
17	1	3	4
17	1	4	10
17	1	4	9
17	1	4	3
17	1	4	4
18	1	1	10
18	1	1	9
18	1	1	3
18	1	1	4
18	2	2	10
18	2	2	11
18	2	2	5
18	2	2	4
18	1	3	10
18	1	3	9
18	1	3	3
18	1	3	4
18	2	4	10
18	2	4	11
18	2	4	5
18	2	4	4
19	1	1	10
19	1	1	9
19	1	1	3
19	1	1	4
19	2	2	10
19	2	2	11
19	2	2	5
19	2	2	4
19	1	3	10
19	1	3	9
19	1	3	3
19	1	3	4
19	3	4	1
19	3	4	12
19	3	4	6
19	3	4	7
20	1	1	10
20	1	1	9
20	1	1	3
20	1	1	4
20	2	2	10
20	2	2	11
20	2	2	5
20	2	2	4
20	1	3	10
20	1	3	9
20	1	3	3
20	1	3	4
20	4	4	1
20	4	4	2
20	4	4	8
20	4	4	7
21	1	1	10
21	1	1	9
21	1	1	3
21	1	1	4
21	2	2	10
21	2	2	11
21	2	2	5
21	2	2	4
21	2	3	10
21	2	3	11
21	2	3	5
21	2	3	4
21	1	4	10
21	1	4	9
21	1	4	3
21	1	4	4
22	1	1	10
22	1	1	9
22	1	1	3
22	1	1	4
22	2	2	10
22	2	2	11
22	2	2	5
22	2	2	4
22	2	3	10
22	2	3	11
22	2	3	5
22	2	3	4
22	2	4	10
22	2	4	11
22	2	4	5
22	2	4	4
23	1	1	10
23	1	1	9
23	1	1	3
23	1	1	4
23	2	2	10
23	2	2	11
23	2	2	5
23	2	2	4
23	2	3	10
23	2	3	11
23	2	3	5
23	2	3	4
23	3	4	1
23	3	4	12
23	3	4	6
23	3	4	7
24	1	1	10
24	1	1	9
24	1	1	3
24	1	1	4
24	2	2	10
24	2	2	11
24	2	2	5
24	2	2	4
24	2	3	10
24	2	3	11
24	2	3	5
24	2	3	4
24	4	4	1
24	4	4	2
24	4	4	8
24	4	4	7
25	1	1	10
25	1	1	9
25	1	1	3
25	1	1	4
25	2	2	10
25	2	2	11
25	2	2	5
25	2	2	4
25	3	3	1
25	3	3	12
25	3	3	6
25	3	3	7
25	1	4	10
25	1	4	9
25	1	4	3
25	1	4	4
26	1	1	10
26	1	1	9
26	1	1	3
26	1	1	4
26	2	2	10
26	2	2	11
26	2	2	5
26	2	2	4
26	3	3	1
26	3	3	12
26	3	3	6
26	3	3	7
26	2	4	10
26	2	4	11
26	2	4	5
26	2	4	4
27	1	1	10
27	1	1	9
27	1	1	3
27	1	1	4
27	2	2	10
27	2	2	11
27	2	2	5
27	2	2	4
27	3	3	1
27	3	3	12
27	3	3	6
27	3	3	7
27	3	4	1
27	3	4	12
27	3	4	6
27	3	4	7
28	1	1	10
28	1	1	9
28	1	1	3
28	1	1	4
28	2	2	10
28	2	2	11
28	2	2	5
28	2	2	4
28	3	3	1
28	3	3	12
28	3	3	6
28	3	3	7
28	4	4	1
28	4	4	2
28	4	4	8
28	4	4	7
29	1	1	10
29	1	1	9
29	1	1	3
29	1	1	4
29	2	2	10
29	2	2	11
29	2	2	5
29	2	2	4
29	4	3	1
29	4	3	2
29	4	3	8
29	4	3	7
29	1	4	10
29	1	4	9
29	1	4	3
29	1	4	4
30	1	1	10
30	1	1	9
30	1	1	3
30	1	1	4
30	2	2	10
30	2	2	11
30	2	2	5
30	2	2	4
30	4	3	1
30	4	3	2
30	4	3	8
30	4	3	7
30	2	4	10
30	2	4	11
30	2	4	5
30	2	4	4
31	1	1	10
31	1	1	9
31	1	1	3
31	1	1	4
31	2	2	10
31	2	2	11
31	2	2	5
31	2	2	4
31	4	3	1
31	4	3	2
31	4	3	8
31	4	3	7
31	3	4	1
31	3	4	12
31	3	4	6
31	3	4	7
32	1	1	10
32	1	1	9
32	1	1	3
32	1	1	4
32	2	2	10
32	2	2	11
32	2	2	5
32	2	2	4
32	4	3	1
32	4	3	2
32	4	3	8
32	4	3	7
32	4	4	1
32	4	4	2
32	4	4	8
32	4	4	7
33	1	1	10
33	1	1	9
33	1	1	3
33	1	1	4
33	3	2	1
33	3	2	12
33	3	2	6
33	3	2	7
33	1	3	10
33	1	3	9
33	1	3	3
33	1	3	4
33	1	4	10
33	1	4	9
33	1	4	3
33	1	4	4
34	1	1	10
34	1	1	9
34	1	1	3
34	1	1	4
34	3	2	1
34	3	2	12
34	3	2	6
34	3	2	7
34	1	3	10
34	1	3	9
34	1	3	3
34	1	3	4
34	2	4	10
34	2	4	11
34	2	4	5
34	2	4	4
35	1	1	10
35	1	1	9
35	1	1	3
35	1	1	4
35	3	2	1
35	3	2	12
35	3	2	6
35	3	2	7
35	1	3	10
35	1	3	9
35	1	3	3
35	1	3	4
35	3	4	1
35	3	4	12
35	3	4	6
35	3	4	7
36	1	1	10
36	1	1	9
36	1	1	3
36	1	1	4
36	3	2	1
36	3	2	12
36	3	2	6
36	3	2	7
36	1	3	10
36	1	3	9
36	1	3	3
36	1	3	4
36	4	4	1
36	4	4	2
36	4	4	8
36	4	4	7
37	1	1	10
37	1	1	9
37	1	1	3
37	1	1	4
37	3	2	1
37	3	2	12
37	3	2	6
37	3	2	7
37	2	3	10
37	2	3	11
37	2	3	5
37	2	3	4
37	1	4	10
37	1	4	9
37	1	4	3
37	1	4	4
38	1	1	10
38	1	1	9
38	1	1	3
38	1	1	4
38	3	2	1
38	3	2	12
38	3	2	6
38	3	2	7
38	2	3	10
38	2	3	11
38	2	3	5
38	2	3	4
38	2	4	10
38	2	4	11
38	2	4	5
38	2	4	4
39	1	1	10
39	1	1	9
39	1	1	3
39	1	1	4
39	3	2	1
39	3	2	12
39	3	2	6
39	3	2	7
39	2	3	10
39	2	3	11
39	2	3	5
39	2	3	4
39	3	4	1
39	3	4	12
39	3	4	6
39	3	4	7
40	1	1	10
40	1	1	9
40	1	1	3
40	1	1	4
40	3	2	1
40	3	2	12
40	3	2	6
40	3	2	7
40	2	3	10
40	2	3	11
40	2	3	5
40	2	3	4
40	4	4	1
40	4	4	2
40	4	4	8
40	4	4	7
41	1	1	10
41	1	1	9
41	1	1	3
41	1	1	4
41	3	2	1
41	3	2	12
41	3	2	6
41	3	2	7
41	3	3	1
41	3	3	12
41	3	3	6
41	3	3	7
41	1	4	10
41	1	4	9
41	1	4	3
41	1	4	4
42	1	1	10
42	1	1	9
42	1	1	3
42	1	1	4
42	3	2	1
42	3	2	12
42	3	2	6
42	3	2	7
42	3	3	1
42	3	3	12
42	3	3	6
42	3	3	7
42	2	4	10
42	2	4	11
42	2	4	5
42	2	4	4
43	1	1	10
43	1	1	9
43	1	1	3
43	1	1	4
43	3	2	1
43	3	2	12
43	3	2	6
43	3	2	7
43	3	3	1
43	3	3	12
43	3	3	6
43	3	3	7
43	3	4	1
43	3	4	12
43	3	4	6
43	3	4	7
44	1	1	10
44	1	1	9
44	1	1	3
44	1	1	4
44	3	2	1
44	3	2	12
44	3	2	6
44	3	2	7
44	3	3	1
44	3	3	12
44	3	3	6
44	3	3	7
44	4	4	1
44	4	4	2
44	4	4	8
44	4	4	7
45	1	1	10
45	1	1	9
45	1	1	3
45	1	1	4
45	3	2	1
45	3	2	12
45	3	2	6
45	3	2	7
45	4	3	1
45	4	3	2
45	4	3	8
45	4	3	7
45	1	4	10
45	1	4	9
45	1	4	3
45	1	4	4
46	1	1	10
46	1	1	9
46	1	1	3
46	1	1	4
46	3	2	1
46	3	2	12
46	3	2	6
46	3	2	7
46	4	3	1
46	4	3	2
46	4	3	8
46	4	3	7
46	2	4	10
46	2	4	11
46	2	4	5
46	2	4	4
47	1	1	10
47	1	1	9
47	1	1	3
47	1	1	4
47	3	2	1
47	3	2	12
47	3	2	6
47	3	2	7
47	4	3	1
47	4	3	2
47	4	3	8
47	4	3	7
47	3	4	1
47	3	4	12
47	3	4	6
47	3	4	7
48	1	1	10
48	1	1	9
48	1	1	3
48	1	1	4
48	3	2	1
48	3	2	12
48	3	2	6
48	3	2	7
48	4	3	1
48	4	3	2
48	4	3	8
48	4	3	7
48	4	4	1
48	4	4	2
48	4	4	8
48	4	4	7
49	1	1	10
49	1	1	9
49	1	1	3
49	1	1	4
49	4	2	1
49	4	2	2
49	4	2	8
49	4	2	7
49	1	3	10
49	1	3	9
49	1	3	3
49	1	3	4
49	1	4	10
49	1	4	9
49	1	4	3
49	1	4	4
50	1	1	10
50	1	1	9
50	1	1	3
50	1	1	4
50	4	2	1
50	4	2	2
50	4	2	8
50	4	2	7
50	1	3	10
50	1	3	9
50	1	3	3
50	1	3	4
50	2	4	10
50	2	4	11
50	2	4	5
50	2	4	4
51	1	1	10
51	1	1	9
51	1	1	3
51	1	1	4
51	4	2	1
51	4	2	2
51	4	2	8
51	4	2	7
51	1	3	10
51	1	3	9
51	1	3	3
51	1	3	4
51	3	4	1
51	3	4	12
51	3	4	6
51	3	4	7
52	1	1	10
52	1	1	9
52	1	1	3
52	1	1	4
52	4	2	1
52	4	2	2
52	4	2	8
52	4	2	7
52	1	3	10
52	1	3	9
52	1	3	3
52	1	3	4
52	4	4	1
52	4	4	2
52	4	4	8
52	4	4	7
53	1	1	10
53	1	1	9
53	1	1	3
53	1	1	4
53	4	2	1
53	4	2	2
53	4	2	8
53	4	2	7
53	2	3	10
53	2	3	11
53	2	3	5
53	2	3	4
53	1	4	10
53	1	4	9
53	1	4	3
53	1	4	4
54	1	1	10
54	1	1	9
54	1	1	3
54	1	1	4
54	4	2	1
54	4	2	2
54	4	2	8
54	4	2	7
54	2	3	10
54	2	3	11
54	2	3	5
54	2	3	4
54	2	4	10
54	2	4	11
54	2	4	5
54	2	4	4
55	1	1	10
55	1	1	9
55	1	1	3
55	1	1	4
55	4	2	1
55	4	2	2
55	4	2	8
55	4	2	7
55	2	3	10
55	2	3	11
55	2	3	5
55	2	3	4
55	3	4	1
55	3	4	12
55	3	4	6
55	3	4	7
56	1	1	10
56	1	1	9
56	1	1	3
56	1	1	4
56	4	2	1
56	4	2	2
56	4	2	8
56	4	2	7
56	2	3	10
56	2	3	11
56	2	3	5
56	2	3	4
56	4	4	1
56	4	4	2
56	4	4	8
56	4	4	7
57	1	1	10
57	1	1	9
57	1	1	3
57	1	1	4
57	4	2	1
57	4	2	2
57	4	2	8
57	4	2	7
57	3	3	1
57	3	3	12
57	3	3	6
57	3	3	7
57	1	4	10
57	1	4	9
57	1	4	3
57	1	4	4
58	1	1	10
58	1	1	9
58	1	1	3
58	1	1	4
58	4	2	1
58	4	2	2
58	4	2	8
58	4	2	7
58	3	3	1
58	3	3	12
58	3	3	6
58	3	3	7
58	2	4	10
58	2	4	11
58	2	4	5
58	2	4	4
59	1	1	10
59	1	1	9
59	1	1	3
59	1	1	4
59	4	2	1
59	4	2	2
59	4	2	8
59	4	2	7
59	3	3	1
59	3	3	12
59	3	3	6
59	3	3	7
59	3	4	1
59	3	4	12
59	3	4	6
59	3	4	7
60	1	1	10
60	1	1	9
60	1	1	3
60	1	1	4
60	4	2	1
60	4	2	2
60	4	2	8
60	4	2	7
60	3	3	1
60	3	3	12
60	3	3	6
60	3	3	7
60	4	4	1
60	4	4	2
60	4	4	8
60	4	4	7
61	1	1	10
61	1	1	9
61	1	1	3
61	1	1	4
61	4	2	1
61	4	2	2
61	4	2	8
61	4	2	7
61	4	3	1
61	4	3	2
61	4	3	8
61	4	3	7
61	1	4	10
61	1	4	9
61	1	4	3
61	1	4	4
62	1	1	10
62	1	1	9
62	1	1	3
62	1	1	4
62	4	2	1
62	4	2	2
62	4	2	8
62	4	2	7
62	4	3	1
62	4	3	2
62	4	3	8
62	4	3	7
62	2	4	10
62	2	4	11
62	2	4	5
62	2	4	4
63	1	1	10
63	1	1	9
63	1	1	3
63	1	1	4
63	4	2	1
63	4	2	2
63	4	2	8
63	4	2	7
63	4	3	1
63	4	3	2
63	4	3	8
63	4	3	7
63	3	4	1
63	3	4	12
63	3	4	6
63	3	4	7
64	1	1	10
64	1	1	9
64	1	1	3
64	1	1	4
64	4	2	1
64	4	2	2
64	4	2	8
64	4	2	7
64	4	3	1
64	4	3	2
64	4	3	8
64	4	3	7
64	4	4	1
64	4	4	2
64	4	4	8
64	4	4	7
65	2	1	10
65	2	1	11
65	2	1	5
65	2	1	4
65	1	2	10
65	1	2	9
65	1	2	3
65	1	2	4
65	1	3	10
65	1	3	9
65	1	3	3
65	1	3	4
65	1	4	10
65	1	4	9
65	1	4	3
65	1	4	4
66	2	1	10
66	2	1	11
66	2	1	5
66	2	1	4
66	1	2	10
66	1	2	9
66	1	2	3
66	1	2	4
66	1	3	10
66	1	3	9
66	1	3	3
66	1	3	4
66	2	4	10
66	2	4	11
66	2	4	5
66	2	4	4
67	2	1	10
67	2	1	11
67	2	1	5
67	2	1	4
67	1	2	10
67	1	2	9
67	1	2	3
67	1	2	4
67	1	3	10
67	1	3	9
67	1	3	3
67	1	3	4
67	3	4	1
67	3	4	12
67	3	4	6
67	3	4	7
68	2	1	10
68	2	1	11
68	2	1	5
68	2	1	4
68	1	2	10
68	1	2	9
68	1	2	3
68	1	2	4
68	1	3	10
68	1	3	9
68	1	3	3
68	1	3	4
68	4	4	1
68	4	4	2
68	4	4	8
68	4	4	7
69	2	1	10
69	2	1	11
69	2	1	5
69	2	1	4
69	1	2	10
69	1	2	9
69	1	2	3
69	1	2	4
69	2	3	10
69	2	3	11
69	2	3	5
69	2	3	4
69	1	4	10
69	1	4	9
69	1	4	3
69	1	4	4
70	2	1	10
70	2	1	11
70	2	1	5
70	2	1	4
70	1	2	10
70	1	2	9
70	1	2	3
70	1	2	4
70	2	3	10
70	2	3	11
70	2	3	5
70	2	3	4
70	2	4	10
70	2	4	11
70	2	4	5
70	2	4	4
71	2	1	10
71	2	1	11
71	2	1	5
71	2	1	4
71	1	2	10
71	1	2	9
71	1	2	3
71	1	2	4
71	2	3	10
71	2	3	11
71	2	3	5
71	2	3	4
71	3	4	1
71	3	4	12
71	3	4	6
71	3	4	7
72	2	1	10
72	2	1	11
72	2	1	5
72	2	1	4
72	1	2	10
72	1	2	9
72	1	2	3
72	1	2	4
72	2	3	10
72	2	3	11
72	2	3	5
72	2	3	4
72	4	4	1
72	4	4	2
72	4	4	8
72	4	4	7
73	2	1	10
73	2	1	11
73	2	1	5
73	2	1	4
73	1	2	10
73	1	2	9
73	1	2	3
73	1	2	4
73	3	3	1
73	3	3	12
73	3	3	6
73	3	3	7
73	1	4	10
73	1	4	9
73	1	4	3
73	1	4	4
74	2	1	10
74	2	1	11
74	2	1	5
74	2	1	4
74	1	2	10
74	1	2	9
74	1	2	3
74	1	2	4
74	3	3	1
74	3	3	12
74	3	3	6
74	3	3	7
74	2	4	10
74	2	4	11
74	2	4	5
74	2	4	4
75	2	1	10
75	2	1	11
75	2	1	5
75	2	1	4
75	1	2	10
75	1	2	9
75	1	2	3
75	1	2	4
75	3	3	1
75	3	3	12
75	3	3	6
75	3	3	7
75	3	4	1
75	3	4	12
75	3	4	6
75	3	4	7
76	2	1	10
76	2	1	11
76	2	1	5
76	2	1	4
76	1	2	10
76	1	2	9
76	1	2	3
76	1	2	4
76	3	3	1
76	3	3	12
76	3	3	6
76	3	3	7
76	4	4	1
76	4	4	2
76	4	4	8
76	4	4	7
77	2	1	10
77	2	1	11
77	2	1	5
77	2	1	4
77	1	2	10
77	1	2	9
77	1	2	3
77	1	2	4
77	4	3	1
77	4	3	2
77	4	3	8
77	4	3	7
77	1	4	10
77	1	4	9
77	1	4	3
77	1	4	4
78	2	1	10
78	2	1	11
78	2	1	5
78	2	1	4
78	1	2	10
78	1	2	9
78	1	2	3
78	1	2	4
78	4	3	1
78	4	3	2
78	4	3	8
78	4	3	7
78	2	4	10
78	2	4	11
78	2	4	5
78	2	4	4
79	2	1	10
79	2	1	11
79	2	1	5
79	2	1	4
79	1	2	10
79	1	2	9
79	1	2	3
79	1	2	4
79	4	3	1
79	4	3	2
79	4	3	8
79	4	3	7
79	3	4	1
79	3	4	12
79	3	4	6
79	3	4	7
80	2	1	10
80	2	1	11
80	2	1	5
80	2	1	4
80	1	2	10
80	1	2	9
80	1	2	3
80	1	2	4
80	4	3	1
80	4	3	2
80	4	3	8
80	4	3	7
80	4	4	1
80	4	4	2
80	4	4	8
80	4	4	7
81	2	1	10
81	2	1	11
81	2	1	5
81	2	1	4
81	2	2	10
81	2	2	11
81	2	2	5
81	2	2	4
81	1	3	10
81	1	3	9
81	1	3	3
81	1	3	4
81	1	4	10
81	1	4	9
81	1	4	3
81	1	4	4
82	2	1	10
82	2	1	11
82	2	1	5
82	2	1	4
82	2	2	10
82	2	2	11
82	2	2	5
82	2	2	4
82	1	3	10
82	1	3	9
82	1	3	3
82	1	3	4
82	2	4	10
82	2	4	11
82	2	4	5
82	2	4	4
83	2	1	10
83	2	1	11
83	2	1	5
83	2	1	4
83	2	2	10
83	2	2	11
83	2	2	5
83	2	2	4
83	1	3	10
83	1	3	9
83	1	3	3
83	1	3	4
83	3	4	1
83	3	4	12
83	3	4	6
83	3	4	7
84	2	1	10
84	2	1	11
84	2	1	5
84	2	1	4
84	2	2	10
84	2	2	11
84	2	2	5
84	2	2	4
84	1	3	10
84	1	3	9
84	1	3	3
84	1	3	4
84	4	4	1
84	4	4	2
84	4	4	8
84	4	4	7
85	2	1	10
85	2	1	11
85	2	1	5
85	2	1	4
85	2	2	10
85	2	2	11
85	2	2	5
85	2	2	4
85	2	3	10
85	2	3	11
85	2	3	5
85	2	3	4
85	1	4	10
85	1	4	9
85	1	4	3
85	1	4	4
86	2	1	10
86	2	1	11
86	2	1	5
86	2	1	4
86	2	2	10
86	2	2	11
86	2	2	5
86	2	2	4
86	2	3	10
86	2	3	11
86	2	3	5
86	2	3	4
86	2	4	10
86	2	4	11
86	2	4	5
86	2	4	4
87	2	1	10
87	2	1	11
87	2	1	5
87	2	1	4
87	2	2	10
87	2	2	11
87	2	2	5
87	2	2	4
87	2	3	10
87	2	3	11
87	2	3	5
87	2	3	4
87	3	4	1
87	3	4	12
87	3	4	6
87	3	4	7
88	2	1	10
88	2	1	11
88	2	1	5
88	2	1	4
88	2	2	10
88	2	2	11
88	2	2	5
88	2	2	4
88	2	3	10
88	2	3	11
88	2	3	5
88	2	3	4
88	4	4	1
88	4	4	2
88	4	4	8
88	4	4	7
89	2	1	10
89	2	1	11
89	2	1	5
89	2	1	4
89	2	2	10
89	2	2	11
89	2	2	5
89	2	2	4
89	3	3	1
89	3	3	12
89	3	3	6
89	3	3	7
89	1	4	10
89	1	4	9
89	1	4	3
89	1	4	4
90	2	1	10
90	2	1	11
90	2	1	5
90	2	1	4
90	2	2	10
90	2	2	11
90	2	2	5
90	2	2	4
90	3	3	1
90	3	3	12
90	3	3	6
90	3	3	7
90	2	4	10
90	2	4	11
90	2	4	5
90	2	4	4
91	2	1	10
91	2	1	11
91	2	1	5
91	2	1	4
91	2	2	10
91	2	2	11
91	2	2	5
91	2	2	4
91	3	3	1
91	3	3	12
91	3	3	6
91	3	3	7
91	3	4	1
91	3	4	12
91	3	4	6
91	3	4	7
92	2	1	10
92	2	1	11
92	2	1	5
92	2	1	4
92	2	2	10
92	2	2	11
92	2	2	5
92	2	2	4
92	3	3	1
92	3	3	12
92	3	3	6
92	3	3	7
92	4	4	1
92	4	4	2
92	4	4	8
92	4	4	7
93	2	1	10
93	2	1	11
93	2	1	5
93	2	1	4
93	2	2	10
93	2	2	11
93	2	2	5
93	2	2	4
93	4	3	1
93	4	3	2
93	4	3	8
93	4	3	7
93	1	4	10
93	1	4	9
93	1	4	3
93	1	4	4
94	2	1	10
94	2	1	11
94	2	1	5
94	2	1	4
94	2	2	10
94	2	2	11
94	2	2	5
94	2	2	4
94	4	3	1
94	4	3	2
94	4	3	8
94	4	3	7
94	2	4	10
94	2	4	11
94	2	4	5
94	2	4	4
95	2	1	10
95	2	1	11
95	2	1	5
95	2	1	4
95	2	2	10
95	2	2	11
95	2	2	5
95	2	2	4
95	4	3	1
95	4	3	2
95	4	3	8
95	4	3	7
95	3	4	1
95	3	4	12
95	3	4	6
95	3	4	7
96	2	1	10
96	2	1	11
96	2	1	5
96	2	1	4
96	2	2	10
96	2	2	11
96	2	2	5
96	2	2	4
96	4	3	1
96	4	3	2
96	4	3	8
96	4	3	7
96	4	4	1
96	4	4	2
96	4	4	8
96	4	4	7
97	2	1	10
97	2	1	11
97	2	1	5
97	2	1	4
97	3	2	1
97	3	2	12
97	3	2	6
97	3	2	7
97	1	3	10
97	1	3	9
97	1	3	3
97	1	3	4
97	1	4	10
97	1	4	9
97	1	4	3
97	1	4	4
98	2	1	10
98	2	1	11
98	2	1	5
98	2	1	4
98	3	2	1
98	3	2	12
98	3	2	6
98	3	2	7
98	1	3	10
98	1	3	9
98	1	3	3
98	1	3	4
98	2	4	10
98	2	4	11
98	2	4	5
98	2	4	4
99	2	1	10
99	2	1	11
99	2	1	5
99	2	1	4
99	3	2	1
99	3	2	12
99	3	2	6
99	3	2	7
99	1	3	10
99	1	3	9
99	1	3	3
99	1	3	4
99	3	4	1
99	3	4	12
99	3	4	6
99	3	4	7
100	2	1	10
100	2	1	11
100	2	1	5
100	2	1	4
100	3	2	1
100	3	2	12
100	3	2	6
100	3	2	7
100	1	3	10
100	1	3	9
100	1	3	3
100	1	3	4
100	4	4	1
100	4	4	2
100	4	4	8
100	4	4	7
101	2	1	10
101	2	1	11
101	2	1	5
101	2	1	4
101	3	2	1
101	3	2	12
101	3	2	6
101	3	2	7
101	2	3	10
101	2	3	11
101	2	3	5
101	2	3	4
101	1	4	10
101	1	4	9
101	1	4	3
101	1	4	4
102	2	1	10
102	2	1	11
102	2	1	5
102	2	1	4
102	3	2	1
102	3	2	12
102	3	2	6
102	3	2	7
102	2	3	10
102	2	3	11
102	2	3	5
102	2	3	4
102	2	4	10
102	2	4	11
102	2	4	5
102	2	4	4
103	2	1	10
103	2	1	11
103	2	1	5
103	2	1	4
103	3	2	1
103	3	2	12
103	3	2	6
103	3	2	7
103	2	3	10
103	2	3	11
103	2	3	5
103	2	3	4
103	3	4	1
103	3	4	12
103	3	4	6
103	3	4	7
104	2	1	10
104	2	1	11
104	2	1	5
104	2	1	4
104	3	2	1
104	3	2	12
104	3	2	6
104	3	2	7
104	2	3	10
104	2	3	11
104	2	3	5
104	2	3	4
104	4	4	1
104	4	4	2
104	4	4	8
104	4	4	7
105	2	1	10
105	2	1	11
105	2	1	5
105	2	1	4
105	3	2	1
105	3	2	12
105	3	2	6
105	3	2	7
105	3	3	1
105	3	3	12
105	3	3	6
105	3	3	7
105	1	4	10
105	1	4	9
105	1	4	3
105	1	4	4
106	2	1	10
106	2	1	11
106	2	1	5
106	2	1	4
106	3	2	1
106	3	2	12
106	3	2	6
106	3	2	7
106	3	3	1
106	3	3	12
106	3	3	6
106	3	3	7
106	2	4	10
106	2	4	11
106	2	4	5
106	2	4	4
107	2	1	10
107	2	1	11
107	2	1	5
107	2	1	4
107	3	2	1
107	3	2	12
107	3	2	6
107	3	2	7
107	3	3	1
107	3	3	12
107	3	3	6
107	3	3	7
107	3	4	1
107	3	4	12
107	3	4	6
107	3	4	7
108	2	1	10
108	2	1	11
108	2	1	5
108	2	1	4
108	3	2	1
108	3	2	12
108	3	2	6
108	3	2	7
108	3	3	1
108	3	3	12
108	3	3	6
108	3	3	7
108	4	4	1
108	4	4	2
108	4	4	8
108	4	4	7
109	2	1	10
109	2	1	11
109	2	1	5
109	2	1	4
109	3	2	1
109	3	2	12
109	3	2	6
109	3	2	7
109	4	3	1
109	4	3	2
109	4	3	8
109	4	3	7
109	1	4	10
109	1	4	9
109	1	4	3
109	1	4	4
110	2	1	10
110	2	1	11
110	2	1	5
110	2	1	4
110	3	2	1
110	3	2	12
110	3	2	6
110	3	2	7
110	4	3	1
110	4	3	2
110	4	3	8
110	4	3	7
110	2	4	10
110	2	4	11
110	2	4	5
110	2	4	4
111	2	1	10
111	2	1	11
111	2	1	5
111	2	1	4
111	3	2	1
111	3	2	12
111	3	2	6
111	3	2	7
111	4	3	1
111	4	3	2
111	4	3	8
111	4	3	7
111	3	4	1
111	3	4	12
111	3	4	6
111	3	4	7
112	2	1	10
112	2	1	11
112	2	1	5
112	2	1	4
112	3	2	1
112	3	2	12
112	3	2	6
112	3	2	7
112	4	3	1
112	4	3	2
112	4	3	8
112	4	3	7
112	4	4	1
112	4	4	2
112	4	4	8
112	4	4	7
113	2	1	10
113	2	1	11
113	2	1	5
113	2	1	4
113	4	2	1
113	4	2	2
113	4	2	8
113	4	2	7
113	1	3	10
113	1	3	9
113	1	3	3
113	1	3	4
113	1	4	10
113	1	4	9
113	1	4	3
113	1	4	4
114	2	1	10
114	2	1	11
114	2	1	5
114	2	1	4
114	4	2	1
114	4	2	2
114	4	2	8
114	4	2	7
114	1	3	10
114	1	3	9
114	1	3	3
114	1	3	4
114	2	4	10
114	2	4	11
114	2	4	5
114	2	4	4
115	2	1	10
115	2	1	11
115	2	1	5
115	2	1	4
115	4	2	1
115	4	2	2
115	4	2	8
115	4	2	7
115	1	3	10
115	1	3	9
115	1	3	3
115	1	3	4
115	3	4	1
115	3	4	12
115	3	4	6
115	3	4	7
116	2	1	10
116	2	1	11
116	2	1	5
116	2	1	4
116	4	2	1
116	4	2	2
116	4	2	8
116	4	2	7
116	1	3	10
116	1	3	9
116	1	3	3
116	1	3	4
116	4	4	1
116	4	4	2
116	4	4	8
116	4	4	7
117	2	1	10
117	2	1	11
117	2	1	5
117	2	1	4
117	4	2	1
117	4	2	2
117	4	2	8
117	4	2	7
117	2	3	10
117	2	3	11
117	2	3	5
117	2	3	4
117	1	4	10
117	1	4	9
117	1	4	3
117	1	4	4
118	2	1	10
118	2	1	11
118	2	1	5
118	2	1	4
118	4	2	1
118	4	2	2
118	4	2	8
118	4	2	7
118	2	3	10
118	2	3	11
118	2	3	5
118	2	3	4
118	2	4	10
118	2	4	11
118	2	4	5
118	2	4	4
119	2	1	10
119	2	1	11
119	2	1	5
119	2	1	4
119	4	2	1
119	4	2	2
119	4	2	8
119	4	2	7
119	2	3	10
119	2	3	11
119	2	3	5
119	2	3	4
119	3	4	1
119	3	4	12
119	3	4	6
119	3	4	7
120	2	1	10
120	2	1	11
120	2	1	5
120	2	1	4
120	4	2	1
120	4	2	2
120	4	2	8
120	4	2	7
120	2	3	10
120	2	3	11
120	2	3	5
120	2	3	4
120	4	4	1
120	4	4	2
120	4	4	8
120	4	4	7
121	2	1	10
121	2	1	11
121	2	1	5
121	2	1	4
121	4	2	1
121	4	2	2
121	4	2	8
121	4	2	7
121	3	3	1
121	3	3	12
121	3	3	6
121	3	3	7
121	1	4	10
121	1	4	9
121	1	4	3
121	1	4	4
122	2	1	10
122	2	1	11
122	2	1	5
122	2	1	4
122	4	2	1
122	4	2	2
122	4	2	8
122	4	2	7
122	3	3	1
122	3	3	12
122	3	3	6
122	3	3	7
122	2	4	10
122	2	4	11
122	2	4	5
122	2	4	4
123	2	1	10
123	2	1	11
123	2	1	5
123	2	1	4
123	4	2	1
123	4	2	2
123	4	2	8
123	4	2	7
123	3	3	1
123	3	3	12
123	3	3	6
123	3	3	7
123	3	4	1
123	3	4	12
123	3	4	6
123	3	4	7
124	2	1	10
124	2	1	11
124	2	1	5
124	2	1	4
124	4	2	1
124	4	2	2
124	4	2	8
124	4	2	7
124	3	3	1
124	3	3	12
124	3	3	6
124	3	3	7
124	4	4	1
124	4	4	2
124	4	4	8
124	4	4	7
125	2	1	10
125	2	1	11
125	2	1	5
125	2	1	4
125	4	2	1
125	4	2	2
125	4	2	8
125	4	2	7
125	4	3	1
125	4	3	2
125	4	3	8
125	4	3	7
125	1	4	10
125	1	4	9
125	1	4	3
125	1	4	4
126	2	1	10
126	2	1	11
126	2	1	5
126	2	1	4
126	4	2	1
126	4	2	2
126	4	2	8
126	4	2	7
126	4	3	1
126	4	3	2
126	4	3	8
126	4	3	7
126	2	4	10
126	2	4	11
126	2	4	5
126	2	4	4
127	2	1	10
127	2	1	11
127	2	1	5
127	2	1	4
127	4	2	1
127	4	2	2
127	4	2	8
127	4	2	7
127	4	3	1
127	4	3	2
127	4	3	8
127	4	3	7
127	3	4	1
127	3	4	12
127	3	4	6
127	3	4	7
128	2	1	10
128	2	1	11
128	2	1	5
128	2	1	4
128	4	2	1
128	4	2	2
128	4	2	8
128	4	2	7
128	4	3	1
128	4	3	2
128	4	3	8
128	4	3	7
128	4	4	1
128	4	4	2
128	4	4	8
128	4	4	7
129	3	1	1
129	3	1	12
129	3	1	6
129	3	1	7
129	1	2	10
129	1	2	9
129	1	2	3
129	1	2	4
129	1	3	10
129	1	3	9
129	1	3	3
129	1	3	4
129	1	4	10
129	1	4	9
129	1	4	3
129	1	4	4
130	3	1	1
130	3	1	12
130	3	1	6
130	3	1	7
130	1	2	10
130	1	2	9
130	1	2	3
130	1	2	4
130	1	3	10
130	1	3	9
130	1	3	3
130	1	3	4
130	2	4	10
130	2	4	11
130	2	4	5
130	2	4	4
131	3	1	1
131	3	1	12
131	3	1	6
131	3	1	7
131	1	2	10
131	1	2	9
131	1	2	3
131	1	2	4
131	1	3	10
131	1	3	9
131	1	3	3
131	1	3	4
131	3	4	1
131	3	4	12
131	3	4	6
131	3	4	7
132	3	1	1
132	3	1	12
132	3	1	6
132	3	1	7
132	1	2	10
132	1	2	9
132	1	2	3
132	1	2	4
132	1	3	10
132	1	3	9
132	1	3	3
132	1	3	4
132	4	4	1
132	4	4	2
132	4	4	8
132	4	4	7
133	3	1	1
133	3	1	12
133	3	1	6
133	3	1	7
133	1	2	10
133	1	2	9
133	1	2	3
133	1	2	4
133	2	3	10
133	2	3	11
133	2	3	5
133	2	3	4
133	1	4	10
133	1	4	9
133	1	4	3
133	1	4	4
134	3	1	1
134	3	1	12
134	3	1	6
134	3	1	7
134	1	2	10
134	1	2	9
134	1	2	3
134	1	2	4
134	2	3	10
134	2	3	11
134	2	3	5
134	2	3	4
134	2	4	10
134	2	4	11
134	2	4	5
134	2	4	4
135	3	1	1
135	3	1	12
135	3	1	6
135	3	1	7
135	1	2	10
135	1	2	9
135	1	2	3
135	1	2	4
135	2	3	10
135	2	3	11
135	2	3	5
135	2	3	4
135	3	4	1
135	3	4	12
135	3	4	6
135	3	4	7
136	3	1	1
136	3	1	12
136	3	1	6
136	3	1	7
136	1	2	10
136	1	2	9
136	1	2	3
136	1	2	4
136	2	3	10
136	2	3	11
136	2	3	5
136	2	3	4
136	4	4	1
136	4	4	2
136	4	4	8
136	4	4	7
137	3	1	1
137	3	1	12
137	3	1	6
137	3	1	7
137	1	2	10
137	1	2	9
137	1	2	3
137	1	2	4
137	3	3	1
137	3	3	12
137	3	3	6
137	3	3	7
137	1	4	10
137	1	4	9
137	1	4	3
137	1	4	4
138	3	1	1
138	3	1	12
138	3	1	6
138	3	1	7
138	1	2	10
138	1	2	9
138	1	2	3
138	1	2	4
138	3	3	1
138	3	3	12
138	3	3	6
138	3	3	7
138	2	4	10
138	2	4	11
138	2	4	5
138	2	4	4
139	3	1	1
139	3	1	12
139	3	1	6
139	3	1	7
139	1	2	10
139	1	2	9
139	1	2	3
139	1	2	4
139	3	3	1
139	3	3	12
139	3	3	6
139	3	3	7
139	3	4	1
139	3	4	12
139	3	4	6
139	3	4	7
140	3	1	1
140	3	1	12
140	3	1	6
140	3	1	7
140	1	2	10
140	1	2	9
140	1	2	3
140	1	2	4
140	3	3	1
140	3	3	12
140	3	3	6
140	3	3	7
140	4	4	1
140	4	4	2
140	4	4	8
140	4	4	7
141	3	1	1
141	3	1	12
141	3	1	6
141	3	1	7
141	1	2	10
141	1	2	9
141	1	2	3
141	1	2	4
141	4	3	1
141	4	3	2
141	4	3	8
141	4	3	7
141	1	4	10
141	1	4	9
141	1	4	3
141	1	4	4
142	3	1	1
142	3	1	12
142	3	1	6
142	3	1	7
142	1	2	10
142	1	2	9
142	1	2	3
142	1	2	4
142	4	3	1
142	4	3	2
142	4	3	8
142	4	3	7
142	2	4	10
142	2	4	11
142	2	4	5
142	2	4	4
143	3	1	1
143	3	1	12
143	3	1	6
143	3	1	7
143	1	2	10
143	1	2	9
143	1	2	3
143	1	2	4
143	4	3	1
143	4	3	2
143	4	3	8
143	4	3	7
143	3	4	1
143	3	4	12
143	3	4	6
143	3	4	7
144	3	1	1
144	3	1	12
144	3	1	6
144	3	1	7
144	1	2	10
144	1	2	9
144	1	2	3
144	1	2	4
144	4	3	1
144	4	3	2
144	4	3	8
144	4	3	7
144	4	4	1
144	4	4	2
144	4	4	8
144	4	4	7
145	3	1	1
145	3	1	12
145	3	1	6
145	3	1	7
145	2	2	10
145	2	2	11
145	2	2	5
145	2	2	4
145	1	3	10
145	1	3	9
145	1	3	3
145	1	3	4
145	1	4	10
145	1	4	9
145	1	4	3
145	1	4	4
146	3	1	1
146	3	1	12
146	3	1	6
146	3	1	7
146	2	2	10
146	2	2	11
146	2	2	5
146	2	2	4
146	1	3	10
146	1	3	9
146	1	3	3
146	1	3	4
146	2	4	10
146	2	4	11
146	2	4	5
146	2	4	4
147	3	1	1
147	3	1	12
147	3	1	6
147	3	1	7
147	2	2	10
147	2	2	11
147	2	2	5
147	2	2	4
147	1	3	10
147	1	3	9
147	1	3	3
147	1	3	4
147	3	4	1
147	3	4	12
147	3	4	6
147	3	4	7
148	3	1	1
148	3	1	12
148	3	1	6
148	3	1	7
148	2	2	10
148	2	2	11
148	2	2	5
148	2	2	4
148	1	3	10
148	1	3	9
148	1	3	3
148	1	3	4
148	4	4	1
148	4	4	2
148	4	4	8
148	4	4	7
149	3	1	1
149	3	1	12
149	3	1	6
149	3	1	7
149	2	2	10
149	2	2	11
149	2	2	5
149	2	2	4
149	2	3	10
149	2	3	11
149	2	3	5
149	2	3	4
149	1	4	10
149	1	4	9
149	1	4	3
149	1	4	4
150	3	1	1
150	3	1	12
150	3	1	6
150	3	1	7
150	2	2	10
150	2	2	11
150	2	2	5
150	2	2	4
150	2	3	10
150	2	3	11
150	2	3	5
150	2	3	4
150	2	4	10
150	2	4	11
150	2	4	5
150	2	4	4
151	3	1	1
151	3	1	12
151	3	1	6
151	3	1	7
151	2	2	10
151	2	2	11
151	2	2	5
151	2	2	4
151	2	3	10
151	2	3	11
151	2	3	5
151	2	3	4
151	3	4	1
151	3	4	12
151	3	4	6
151	3	4	7
152	3	1	1
152	3	1	12
152	3	1	6
152	3	1	7
152	2	2	10
152	2	2	11
152	2	2	5
152	2	2	4
152	2	3	10
152	2	3	11
152	2	3	5
152	2	3	4
152	4	4	1
152	4	4	2
152	4	4	8
152	4	4	7
153	3	1	1
153	3	1	12
153	3	1	6
153	3	1	7
153	2	2	10
153	2	2	11
153	2	2	5
153	2	2	4
153	3	3	1
153	3	3	12
153	3	3	6
153	3	3	7
153	1	4	10
153	1	4	9
153	1	4	3
153	1	4	4
154	3	1	1
154	3	1	12
154	3	1	6
154	3	1	7
154	2	2	10
154	2	2	11
154	2	2	5
154	2	2	4
154	3	3	1
154	3	3	12
154	3	3	6
154	3	3	7
154	2	4	10
154	2	4	11
154	2	4	5
154	2	4	4
155	3	1	1
155	3	1	12
155	3	1	6
155	3	1	7
155	2	2	10
155	2	2	11
155	2	2	5
155	2	2	4
155	3	3	1
155	3	3	12
155	3	3	6
155	3	3	7
155	3	4	1
155	3	4	12
155	3	4	6
155	3	4	7
156	3	1	1
156	3	1	12
156	3	1	6
156	3	1	7
156	2	2	10
156	2	2	11
156	2	2	5
156	2	2	4
156	3	3	1
156	3	3	12
156	3	3	6
156	3	3	7
156	4	4	1
156	4	4	2
156	4	4	8
156	4	4	7
157	3	1	1
157	3	1	12
157	3	1	6
157	3	1	7
157	2	2	10
157	2	2	11
157	2	2	5
157	2	2	4
157	4	3	1
157	4	3	2
157	4	3	8
157	4	3	7
157	1	4	10
157	1	4	9
157	1	4	3
157	1	4	4
158	3	1	1
158	3	1	12
158	3	1	6
158	3	1	7
158	2	2	10
158	2	2	11
158	2	2	5
158	2	2	4
158	4	3	1
158	4	3	2
158	4	3	8
158	4	3	7
158	2	4	10
158	2	4	11
158	2	4	5
158	2	4	4
159	3	1	1
159	3	1	12
159	3	1	6
159	3	1	7
159	2	2	10
159	2	2	11
159	2	2	5
159	2	2	4
159	4	3	1
159	4	3	2
159	4	3	8
159	4	3	7
159	3	4	1
159	3	4	12
159	3	4	6
159	3	4	7
160	3	1	1
160	3	1	12
160	3	1	6
160	3	1	7
160	2	2	10
160	2	2	11
160	2	2	5
160	2	2	4
160	4	3	1
160	4	3	2
160	4	3	8
160	4	3	7
160	4	4	1
160	4	4	2
160	4	4	8
160	4	4	7
161	3	1	1
161	3	1	12
161	3	1	6
161	3	1	7
161	3	2	1
161	3	2	12
161	3	2	6
161	3	2	7
161	1	3	10
161	1	3	9
161	1	3	3
161	1	3	4
161	1	4	10
161	1	4	9
161	1	4	3
161	1	4	4
162	3	1	1
162	3	1	12
162	3	1	6
162	3	1	7
162	3	2	1
162	3	2	12
162	3	2	6
162	3	2	7
162	1	3	10
162	1	3	9
162	1	3	3
162	1	3	4
162	2	4	10
162	2	4	11
162	2	4	5
162	2	4	4
163	3	1	1
163	3	1	12
163	3	1	6
163	3	1	7
163	3	2	1
163	3	2	12
163	3	2	6
163	3	2	7
163	1	3	10
163	1	3	9
163	1	3	3
163	1	3	4
163	3	4	1
163	3	4	12
163	3	4	6
163	3	4	7
164	3	1	1
164	3	1	12
164	3	1	6
164	3	1	7
164	3	2	1
164	3	2	12
164	3	2	6
164	3	2	7
164	1	3	10
164	1	3	9
164	1	3	3
164	1	3	4
164	4	4	1
164	4	4	2
164	4	4	8
164	4	4	7
165	3	1	1
165	3	1	12
165	3	1	6
165	3	1	7
165	3	2	1
165	3	2	12
165	3	2	6
165	3	2	7
165	2	3	10
165	2	3	11
165	2	3	5
165	2	3	4
165	1	4	10
165	1	4	9
165	1	4	3
165	1	4	4
166	3	1	1
166	3	1	12
166	3	1	6
166	3	1	7
166	3	2	1
166	3	2	12
166	3	2	6
166	3	2	7
166	2	3	10
166	2	3	11
166	2	3	5
166	2	3	4
166	2	4	10
166	2	4	11
166	2	4	5
166	2	4	4
167	3	1	1
167	3	1	12
167	3	1	6
167	3	1	7
167	3	2	1
167	3	2	12
167	3	2	6
167	3	2	7
167	2	3	10
167	2	3	11
167	2	3	5
167	2	3	4
167	3	4	1
167	3	4	12
167	3	4	6
167	3	4	7
168	3	1	1
168	3	1	12
168	3	1	6
168	3	1	7
168	3	2	1
168	3	2	12
168	3	2	6
168	3	2	7
168	2	3	10
168	2	3	11
168	2	3	5
168	2	3	4
168	4	4	1
168	4	4	2
168	4	4	8
168	4	4	7
169	3	1	1
169	3	1	12
169	3	1	6
169	3	1	7
169	3	2	1
169	3	2	12
169	3	2	6
169	3	2	7
169	3	3	1
169	3	3	12
169	3	3	6
169	3	3	7
169	1	4	10
169	1	4	9
169	1	4	3
169	1	4	4
170	3	1	1
170	3	1	12
170	3	1	6
170	3	1	7
170	3	2	1
170	3	2	12
170	3	2	6
170	3	2	7
170	3	3	1
170	3	3	12
170	3	3	6
170	3	3	7
170	2	4	10
170	2	4	11
170	2	4	5
170	2	4	4
171	3	1	1
171	3	1	12
171	3	1	6
171	3	1	7
171	3	2	1
171	3	2	12
171	3	2	6
171	3	2	7
171	3	3	1
171	3	3	12
171	3	3	6
171	3	3	7
171	3	4	1
171	3	4	12
171	3	4	6
171	3	4	7
172	3	1	1
172	3	1	12
172	3	1	6
172	3	1	7
172	3	2	1
172	3	2	12
172	3	2	6
172	3	2	7
172	3	3	1
172	3	3	12
172	3	3	6
172	3	3	7
172	4	4	1
172	4	4	2
172	4	4	8
172	4	4	7
173	3	1	1
173	3	1	12
173	3	1	6
173	3	1	7
173	3	2	1
173	3	2	12
173	3	2	6
173	3	2	7
173	4	3	1
173	4	3	2
173	4	3	8
173	4	3	7
173	1	4	10
173	1	4	9
173	1	4	3
173	1	4	4
174	3	1	1
174	3	1	12
174	3	1	6
174	3	1	7
174	3	2	1
174	3	2	12
174	3	2	6
174	3	2	7
174	4	3	1
174	4	3	2
174	4	3	8
174	4	3	7
174	2	4	10
174	2	4	11
174	2	4	5
174	2	4	4
175	3	1	1
175	3	1	12
175	3	1	6
175	3	1	7
175	3	2	1
175	3	2	12
175	3	2	6
175	3	2	7
175	4	3	1
175	4	3	2
175	4	3	8
175	4	3	7
175	3	4	1
175	3	4	12
175	3	4	6
175	3	4	7
176	3	1	1
176	3	1	12
176	3	1	6
176	3	1	7
176	3	2	1
176	3	2	12
176	3	2	6
176	3	2	7
176	4	3	1
176	4	3	2
176	4	3	8
176	4	3	7
176	4	4	1
176	4	4	2
176	4	4	8
176	4	4	7
177	3	1	1
177	3	1	12
177	3	1	6
177	3	1	7
177	4	2	1
177	4	2	2
177	4	2	8
177	4	2	7
177	1	3	10
177	1	3	9
177	1	3	3
177	1	3	4
177	1	4	10
177	1	4	9
177	1	4	3
177	1	4	4
178	3	1	1
178	3	1	12
178	3	1	6
178	3	1	7
178	4	2	1
178	4	2	2
178	4	2	8
178	4	2	7
178	1	3	10
178	1	3	9
178	1	3	3
178	1	3	4
178	2	4	10
178	2	4	11
178	2	4	5
178	2	4	4
179	3	1	1
179	3	1	12
179	3	1	6
179	3	1	7
179	4	2	1
179	4	2	2
179	4	2	8
179	4	2	7
179	1	3	10
179	1	3	9
179	1	3	3
179	1	3	4
179	3	4	1
179	3	4	12
179	3	4	6
179	3	4	7
180	3	1	1
180	3	1	12
180	3	1	6
180	3	1	7
180	4	2	1
180	4	2	2
180	4	2	8
180	4	2	7
180	1	3	10
180	1	3	9
180	1	3	3
180	1	3	4
180	4	4	1
180	4	4	2
180	4	4	8
180	4	4	7
181	3	1	1
181	3	1	12
181	3	1	6
181	3	1	7
181	4	2	1
181	4	2	2
181	4	2	8
181	4	2	7
181	2	3	10
181	2	3	11
181	2	3	5
181	2	3	4
181	1	4	10
181	1	4	9
181	1	4	3
181	1	4	4
182	3	1	1
182	3	1	12
182	3	1	6
182	3	1	7
182	4	2	1
182	4	2	2
182	4	2	8
182	4	2	7
182	2	3	10
182	2	3	11
182	2	3	5
182	2	3	4
182	2	4	10
182	2	4	11
182	2	4	5
182	2	4	4
183	3	1	1
183	3	1	12
183	3	1	6
183	3	1	7
183	4	2	1
183	4	2	2
183	4	2	8
183	4	2	7
183	2	3	10
183	2	3	11
183	2	3	5
183	2	3	4
183	3	4	1
183	3	4	12
183	3	4	6
183	3	4	7
184	3	1	1
184	3	1	12
184	3	1	6
184	3	1	7
184	4	2	1
184	4	2	2
184	4	2	8
184	4	2	7
184	2	3	10
184	2	3	11
184	2	3	5
184	2	3	4
184	4	4	1
184	4	4	2
184	4	4	8
184	4	4	7
185	3	1	1
185	3	1	12
185	3	1	6
185	3	1	7
185	4	2	1
185	4	2	2
185	4	2	8
185	4	2	7
185	3	3	1
185	3	3	12
185	3	3	6
185	3	3	7
185	1	4	10
185	1	4	9
185	1	4	3
185	1	4	4
186	3	1	1
186	3	1	12
186	3	1	6
186	3	1	7
186	4	2	1
186	4	2	2
186	4	2	8
186	4	2	7
186	3	3	1
186	3	3	12
186	3	3	6
186	3	3	7
186	2	4	10
186	2	4	11
186	2	4	5
186	2	4	4
187	3	1	1
187	3	1	12
187	3	1	6
187	3	1	7
187	4	2	1
187	4	2	2
187	4	2	8
187	4	2	7
187	3	3	1
187	3	3	12
187	3	3	6
187	3	3	7
187	3	4	1
187	3	4	12
187	3	4	6
187	3	4	7
188	3	1	1
188	3	1	12
188	3	1	6
188	3	1	7
188	4	2	1
188	4	2	2
188	4	2	8
188	4	2	7
188	3	3	1
188	3	3	12
188	3	3	6
188	3	3	7
188	4	4	1
188	4	4	2
188	4	4	8
188	4	4	7
189	3	1	1
189	3	1	12
189	3	1	6
189	3	1	7
189	4	2	1
189	4	2	2
189	4	2	8
189	4	2	7
189	4	3	1
189	4	3	2
189	4	3	8
189	4	3	7
189	1	4	10
189	1	4	9
189	1	4	3
189	1	4	4
190	3	1	1
190	3	1	12
190	3	1	6
190	3	1	7
190	4	2	1
190	4	2	2
190	4	2	8
190	4	2	7
190	4	3	1
190	4	3	2
190	4	3	8
190	4	3	7
190	2	4	10
190	2	4	11
190	2	4	5
190	2	4	4
191	3	1	1
191	3	1	12
191	3	1	6
191	3	1	7
191	4	2	1
191	4	2	2
191	4	2	8
191	4	2	7
191	4	3	1
191	4	3	2
191	4	3	8
191	4	3	7
191	3	4	1
191	3	4	12
191	3	4	6
191	3	4	7
192	3	1	1
192	3	1	12
192	3	1	6
192	3	1	7
192	4	2	1
192	4	2	2
192	4	2	8
192	4	2	7
192	4	3	1
192	4	3	2
192	4	3	8
192	4	3	7
192	4	4	1
192	4	4	2
192	4	4	8
192	4	4	7
193	4	1	1
193	4	1	2
193	4	1	8
193	4	1	7
193	1	2	10
193	1	2	9
193	1	2	3
193	1	2	4
193	1	3	10
193	1	3	9
193	1	3	3
193	1	3	4
193	1	4	10
193	1	4	9
193	1	4	3
193	1	4	4
194	4	1	1
194	4	1	2
194	4	1	8
194	4	1	7
194	1	2	10
194	1	2	9
194	1	2	3
194	1	2	4
194	1	3	10
194	1	3	9
194	1	3	3
194	1	3	4
194	2	4	10
194	2	4	11
194	2	4	5
194	2	4	4
195	4	1	1
195	4	1	2
195	4	1	8
195	4	1	7
195	1	2	10
195	1	2	9
195	1	2	3
195	1	2	4
195	1	3	10
195	1	3	9
195	1	3	3
195	1	3	4
195	3	4	1
195	3	4	12
195	3	4	6
195	3	4	7
196	4	1	1
196	4	1	2
196	4	1	8
196	4	1	7
196	1	2	10
196	1	2	9
196	1	2	3
196	1	2	4
196	1	3	10
196	1	3	9
196	1	3	3
196	1	3	4
196	4	4	1
196	4	4	2
196	4	4	8
196	4	4	7
197	4	1	1
197	4	1	2
197	4	1	8
197	4	1	7
197	1	2	10
197	1	2	9
197	1	2	3
197	1	2	4
197	2	3	10
197	2	3	11
197	2	3	5
197	2	3	4
197	1	4	10
197	1	4	9
197	1	4	3
197	1	4	4
198	4	1	1
198	4	1	2
198	4	1	8
198	4	1	7
198	1	2	10
198	1	2	9
198	1	2	3
198	1	2	4
198	2	3	10
198	2	3	11
198	2	3	5
198	2	3	4
198	2	4	10
198	2	4	11
198	2	4	5
198	2	4	4
199	4	1	1
199	4	1	2
199	4	1	8
199	4	1	7
199	1	2	10
199	1	2	9
199	1	2	3
199	1	2	4
199	2	3	10
199	2	3	11
199	2	3	5
199	2	3	4
199	3	4	1
199	3	4	12
199	3	4	6
199	3	4	7
200	4	1	1
200	4	1	2
200	4	1	8
200	4	1	7
200	1	2	10
200	1	2	9
200	1	2	3
200	1	2	4
200	2	3	10
200	2	3	11
200	2	3	5
200	2	3	4
200	4	4	1
200	4	4	2
200	4	4	8
200	4	4	7
201	4	1	1
201	4	1	2
201	4	1	8
201	4	1	7
201	1	2	10
201	1	2	9
201	1	2	3
201	1	2	4
201	3	3	1
201	3	3	12
201	3	3	6
201	3	3	7
201	1	4	10
201	1	4	9
201	1	4	3
201	1	4	4
202	4	1	1
202	4	1	2
202	4	1	8
202	4	1	7
202	1	2	10
202	1	2	9
202	1	2	3
202	1	2	4
202	3	3	1
202	3	3	12
202	3	3	6
202	3	3	7
202	2	4	10
202	2	4	11
202	2	4	5
202	2	4	4
203	4	1	1
203	4	1	2
203	4	1	8
203	4	1	7
203	1	2	10
203	1	2	9
203	1	2	3
203	1	2	4
203	3	3	1
203	3	3	12
203	3	3	6
203	3	3	7
203	3	4	1
203	3	4	12
203	3	4	6
203	3	4	7
204	4	1	1
204	4	1	2
204	4	1	8
204	4	1	7
204	1	2	10
204	1	2	9
204	1	2	3
204	1	2	4
204	3	3	1
204	3	3	12
204	3	3	6
204	3	3	7
204	4	4	1
204	4	4	2
204	4	4	8
204	4	4	7
205	4	1	1
205	4	1	2
205	4	1	8
205	4	1	7
205	1	2	10
205	1	2	9
205	1	2	3
205	1	2	4
205	4	3	1
205	4	3	2
205	4	3	8
205	4	3	7
205	1	4	10
205	1	4	9
205	1	4	3
205	1	4	4
206	4	1	1
206	4	1	2
206	4	1	8
206	4	1	7
206	1	2	10
206	1	2	9
206	1	2	3
206	1	2	4
206	4	3	1
206	4	3	2
206	4	3	8
206	4	3	7
206	2	4	10
206	2	4	11
206	2	4	5
206	2	4	4
207	4	1	1
207	4	1	2
207	4	1	8
207	4	1	7
207	1	2	10
207	1	2	9
207	1	2	3
207	1	2	4
207	4	3	1
207	4	3	2
207	4	3	8
207	4	3	7
207	3	4	1
207	3	4	12
207	3	4	6
207	3	4	7
208	4	1	1
208	4	1	2
208	4	1	8
208	4	1	7
208	1	2	10
208	1	2	9
208	1	2	3
208	1	2	4
208	4	3	1
208	4	3	2
208	4	3	8
208	4	3	7
208	4	4	1
208	4	4	2
208	4	4	8
208	4	4	7
209	4	1	1
209	4	1	2
209	4	1	8
209	4	1	7
209	2	2	10
209	2	2	11
209	2	2	5
209	2	2	4
209	1	3	10
209	1	3	9
209	1	3	3
209	1	3	4
209	1	4	10
209	1	4	9
209	1	4	3
209	1	4	4
210	4	1	1
210	4	1	2
210	4	1	8
210	4	1	7
210	2	2	10
210	2	2	11
210	2	2	5
210	2	2	4
210	1	3	10
210	1	3	9
210	1	3	3
210	1	3	4
210	2	4	10
210	2	4	11
210	2	4	5
210	2	4	4
211	4	1	1
211	4	1	2
211	4	1	8
211	4	1	7
211	2	2	10
211	2	2	11
211	2	2	5
211	2	2	4
211	1	3	10
211	1	3	9
211	1	3	3
211	1	3	4
211	3	4	1
211	3	4	12
211	3	4	6
211	3	4	7
212	4	1	1
212	4	1	2
212	4	1	8
212	4	1	7
212	2	2	10
212	2	2	11
212	2	2	5
212	2	2	4
212	1	3	10
212	1	3	9
212	1	3	3
212	1	3	4
212	4	4	1
212	4	4	2
212	4	4	8
212	4	4	7
213	4	1	1
213	4	1	2
213	4	1	8
213	4	1	7
213	2	2	10
213	2	2	11
213	2	2	5
213	2	2	4
213	2	3	10
213	2	3	11
213	2	3	5
213	2	3	4
213	1	4	10
213	1	4	9
213	1	4	3
213	1	4	4
214	4	1	1
214	4	1	2
214	4	1	8
214	4	1	7
214	2	2	10
214	2	2	11
214	2	2	5
214	2	2	4
214	2	3	10
214	2	3	11
214	2	3	5
214	2	3	4
214	2	4	10
214	2	4	11
214	2	4	5
214	2	4	4
215	4	1	1
215	4	1	2
215	4	1	8
215	4	1	7
215	2	2	10
215	2	2	11
215	2	2	5
215	2	2	4
215	2	3	10
215	2	3	11
215	2	3	5
215	2	3	4
215	3	4	1
215	3	4	12
215	3	4	6
215	3	4	7
216	4	1	1
216	4	1	2
216	4	1	8
216	4	1	7
216	2	2	10
216	2	2	11
216	2	2	5
216	2	2	4
216	2	3	10
216	2	3	11
216	2	3	5
216	2	3	4
216	4	4	1
216	4	4	2
216	4	4	8
216	4	4	7
217	4	1	1
217	4	1	2
217	4	1	8
217	4	1	7
217	2	2	10
217	2	2	11
217	2	2	5
217	2	2	4
217	3	3	1
217	3	3	12
217	3	3	6
217	3	3	7
217	1	4	10
217	1	4	9
217	1	4	3
217	1	4	4
218	4	1	1
218	4	1	2
218	4	1	8
218	4	1	7
218	2	2	10
218	2	2	11
218	2	2	5
218	2	2	4
218	3	3	1
218	3	3	12
218	3	3	6
218	3	3	7
218	2	4	10
218	2	4	11
218	2	4	5
218	2	4	4
219	4	1	1
219	4	1	2
219	4	1	8
219	4	1	7
219	2	2	10
219	2	2	11
219	2	2	5
219	2	2	4
219	3	3	1
219	3	3	12
219	3	3	6
219	3	3	7
219	3	4	1
219	3	4	12
219	3	4	6
219	3	4	7
220	4	1	1
220	4	1	2
220	4	1	8
220	4	1	7
220	2	2	10
220	2	2	11
220	2	2	5
220	2	2	4
220	3	3	1
220	3	3	12
220	3	3	6
220	3	3	7
220	4	4	1
220	4	4	2
220	4	4	8
220	4	4	7
221	4	1	1
221	4	1	2
221	4	1	8
221	4	1	7
221	2	2	10
221	2	2	11
221	2	2	5
221	2	2	4
221	4	3	1
221	4	3	2
221	4	3	8
221	4	3	7
221	1	4	10
221	1	4	9
221	1	4	3
221	1	4	4
222	4	1	1
222	4	1	2
222	4	1	8
222	4	1	7
222	2	2	10
222	2	2	11
222	2	2	5
222	2	2	4
222	4	3	1
222	4	3	2
222	4	3	8
222	4	3	7
222	2	4	10
222	2	4	11
222	2	4	5
222	2	4	4
223	4	1	1
223	4	1	2
223	4	1	8
223	4	1	7
223	2	2	10
223	2	2	11
223	2	2	5
223	2	2	4
223	4	3	1
223	4	3	2
223	4	3	8
223	4	3	7
223	3	4	1
223	3	4	12
223	3	4	6
223	3	4	7
224	4	1	1
224	4	1	2
224	4	1	8
224	4	1	7
224	2	2	10
224	2	2	11
224	2	2	5
224	2	2	4
224	4	3	1
224	4	3	2
224	4	3	8
224	4	3	7
224	4	4	1
224	4	4	2
224	4	4	8
224	4	4	7
225	4	1	1
225	4	1	2
225	4	1	8
225	4	1	7
225	3	2	1
225	3	2	12
225	3	2	6
225	3	2	7
225	1	3	10
225	1	3	9
225	1	3	3
225	1	3	4
225	1	4	10
225	1	4	9
225	1	4	3
225	1	4	4
226	4	1	1
226	4	1	2
226	4	1	8
226	4	1	7
226	3	2	1
226	3	2	12
226	3	2	6
226	3	2	7
226	1	3	10
226	1	3	9
226	1	3	3
226	1	3	4
226	2	4	10
226	2	4	11
226	2	4	5
226	2	4	4
227	4	1	1
227	4	1	2
227	4	1	8
227	4	1	7
227	3	2	1
227	3	2	12
227	3	2	6
227	3	2	7
227	1	3	10
227	1	3	9
227	1	3	3
227	1	3	4
227	3	4	1
227	3	4	12
227	3	4	6
227	3	4	7
228	4	1	1
228	4	1	2
228	4	1	8
228	4	1	7
228	3	2	1
228	3	2	12
228	3	2	6
228	3	2	7
228	1	3	10
228	1	3	9
228	1	3	3
228	1	3	4
228	4	4	1
228	4	4	2
228	4	4	8
228	4	4	7
229	4	1	1
229	4	1	2
229	4	1	8
229	4	1	7
229	3	2	1
229	3	2	12
229	3	2	6
229	3	2	7
229	2	3	10
229	2	3	11
229	2	3	5
229	2	3	4
229	1	4	10
229	1	4	9
229	1	4	3
229	1	4	4
230	4	1	1
230	4	1	2
230	4	1	8
230	4	1	7
230	3	2	1
230	3	2	12
230	3	2	6
230	3	2	7
230	2	3	10
230	2	3	11
230	2	3	5
230	2	3	4
230	2	4	10
230	2	4	11
230	2	4	5
230	2	4	4
231	4	1	1
231	4	1	2
231	4	1	8
231	4	1	7
231	3	2	1
231	3	2	12
231	3	2	6
231	3	2	7
231	2	3	10
231	2	3	11
231	2	3	5
231	2	3	4
231	3	4	1
231	3	4	12
231	3	4	6
231	3	4	7
232	4	1	1
232	4	1	2
232	4	1	8
232	4	1	7
232	3	2	1
232	3	2	12
232	3	2	6
232	3	2	7
232	2	3	10
232	2	3	11
232	2	3	5
232	2	3	4
232	4	4	1
232	4	4	2
232	4	4	8
232	4	4	7
233	4	1	1
233	4	1	2
233	4	1	8
233	4	1	7
233	3	2	1
233	3	2	12
233	3	2	6
233	3	2	7
233	3	3	1
233	3	3	12
233	3	3	6
233	3	3	7
233	1	4	10
233	1	4	9
233	1	4	3
233	1	4	4
234	4	1	1
234	4	1	2
234	4	1	8
234	4	1	7
234	3	2	1
234	3	2	12
234	3	2	6
234	3	2	7
234	3	3	1
234	3	3	12
234	3	3	6
234	3	3	7
234	2	4	10
234	2	4	11
234	2	4	5
234	2	4	4
235	4	1	1
235	4	1	2
235	4	1	8
235	4	1	7
235	3	2	1
235	3	2	12
235	3	2	6
235	3	2	7
235	3	3	1
235	3	3	12
235	3	3	6
235	3	3	7
235	3	4	1
235	3	4	12
235	3	4	6
235	3	4	7
236	4	1	1
236	4	1	2
236	4	1	8
236	4	1	7
236	3	2	1
236	3	2	12
236	3	2	6
236	3	2	7
236	3	3	1
236	3	3	12
236	3	3	6
236	3	3	7
236	4	4	1
236	4	4	2
236	4	4	8
236	4	4	7
237	4	1	1
237	4	1	2
237	4	1	8
237	4	1	7
237	3	2	1
237	3	2	12
237	3	2	6
237	3	2	7
237	4	3	1
237	4	3	2
237	4	3	8
237	4	3	7
237	1	4	10
237	1	4	9
237	1	4	3
237	1	4	4
238	4	1	1
238	4	1	2
238	4	1	8
238	4	1	7
238	3	2	1
238	3	2	12
238	3	2	6
238	3	2	7
238	4	3	1
238	4	3	2
238	4	3	8
238	4	3	7
238	2	4	10
238	2	4	11
238	2	4	5
238	2	4	4
239	4	1	1
239	4	1	2
239	4	1	8
239	4	1	7
239	3	2	1
239	3	2	12
239	3	2	6
239	3	2	7
239	4	3	1
239	4	3	2
239	4	3	8
239	4	3	7
239	3	4	1
239	3	4	12
239	3	4	6
239	3	4	7
240	4	1	1
240	4	1	2
240	4	1	8
240	4	1	7
240	3	2	1
240	3	2	12
240	3	2	6
240	3	2	7
240	4	3	1
240	4	3	2
240	4	3	8
240	4	3	7
240	4	4	1
240	4	4	2
240	4	4	8
240	4	4	7
241	4	1	1
241	4	1	2
241	4	1	8
241	4	1	7
241	4	2	1
241	4	2	2
241	4	2	8
241	4	2	7
241	1	3	10
241	1	3	9
241	1	3	3
241	1	3	4
241	1	4	10
241	1	4	9
241	1	4	3
241	1	4	4
242	4	1	1
242	4	1	2
242	4	1	8
242	4	1	7
242	4	2	1
242	4	2	2
242	4	2	8
242	4	2	7
242	1	3	10
242	1	3	9
242	1	3	3
242	1	3	4
242	2	4	10
242	2	4	11
242	2	4	5
242	2	4	4
243	4	1	1
243	4	1	2
243	4	1	8
243	4	1	7
243	4	2	1
243	4	2	2
243	4	2	8
243	4	2	7
243	1	3	10
243	1	3	9
243	1	3	3
243	1	3	4
243	3	4	1
243	3	4	12
243	3	4	6
243	3	4	7
244	4	1	1
244	4	1	2
244	4	1	8
244	4	1	7
244	4	2	1
244	4	2	2
244	4	2	8
244	4	2	7
244	1	3	10
244	1	3	9
244	1	3	3
244	1	3	4
244	4	4	1
244	4	4	2
244	4	4	8
244	4	4	7
245	4	1	1
245	4	1	2
245	4	1	8
245	4	1	7
245	4	2	1
245	4	2	2
245	4	2	8
245	4	2	7
245	2	3	10
245	2	3	11
245	2	3	5
245	2	3	4
245	1	4	10
245	1	4	9
245	1	4	3
245	1	4	4
246	4	1	1
246	4	1	2
246	4	1	8
246	4	1	7
246	4	2	1
246	4	2	2
246	4	2	8
246	4	2	7
246	2	3	10
246	2	3	11
246	2	3	5
246	2	3	4
246	2	4	10
246	2	4	11
246	2	4	5
246	2	4	4
247	4	1	1
247	4	1	2
247	4	1	8
247	4	1	7
247	4	2	1
247	4	2	2
247	4	2	8
247	4	2	7
247	2	3	10
247	2	3	11
247	2	3	5
247	2	3	4
247	3	4	1
247	3	4	12
247	3	4	6
247	3	4	7
248	4	1	1
248	4	1	2
248	4	1	8
248	4	1	7
248	4	2	1
248	4	2	2
248	4	2	8
248	4	2	7
248	2	3	10
248	2	3	11
248	2	3	5
248	2	3	4
248	4	4	1
248	4	4	2
248	4	4	8
248	4	4	7
249	4	1	1
249	4	1	2
249	4	1	8
249	4	1	7
249	4	2	1
249	4	2	2
249	4	2	8
249	4	2	7
249	3	3	1
249	3	3	12
249	3	3	6
249	3	3	7
249	1	4	10
249	1	4	9
249	1	4	3
249	1	4	4
250	4	1	1
250	4	1	2
250	4	1	8
250	4	1	7
250	4	2	1
250	4	2	2
250	4	2	8
250	4	2	7
250	3	3	1
250	3	3	12
250	3	3	6
250	3	3	7
250	2	4	10
250	2	4	11
250	2	4	5
250	2	4	4
251	4	1	1
251	4	1	2
251	4	1	8
251	4	1	7
251	4	2	1
251	4	2	2
251	4	2	8
251	4	2	7
251	3	3	1
251	3	3	12
251	3	3	6
251	3	3	7
251	3	4	1
251	3	4	12
251	3	4	6
251	3	4	7
252	4	1	1
252	4	1	2
252	4	1	8
252	4	1	7
252	4	2	1
252	4	2	2
252	4	2	8
252	4	2	7
252	3	3	1
252	3	3	12
252	3	3	6
252	3	3	7
252	4	4	1
252	4	4	2
252	4	4	8
252	4	4	7
253	4	1	1
253	4	1	2
253	4	1	8
253	4	1	7
253	4	2	1
253	4	2	2
253	4	2	8
253	4	2	7
253	4	3	1
253	4	3	2
253	4	3	8
253	4	3	7
253	1	4	10
253	1	4	9
253	1	4	3
253	1	4	4
254	4	1	1
254	4	1	2
254	4	1	8
254	4	1	7
254	4	2	1
254	4	2	2
254	4	2	8
254	4	2	7
254	4	3	1
254	4	3	2
254	4	3	8
254	4	3	7
254	2	4	10
254	2	4	11
254	2	4	5
254	2	4	4
255	4	1	1
255	4	1	2
255	4	1	8
255	4	1	7
255	4	2	1
255	4	2	2
255	4	2	8
255	4	2	7
255	4	3	1
255	4	3	2
255	4	3	8
255	4	3	7
255	3	4	1
255	3	4	12
255	3	4	6
255	3	4	7
256	4	1	1
256	4	1	2
256	4	1	8
256	4	1	7
256	4	2	1
256	4	2	2
256	4	2	8
256	4	2	7
256	4	3	1
256	4	3	2
256	4	3	8
256	4	3	7
256	4	4	1
256	4	4	2
256	4	4	8
256	4	4	7